# init omega gamma A f
1.496837267e+00 2.803519375e+00 6.240912580e-01 3.229857607e+01 4.997372889e+00
-3.761853920e-01 2.188174963e+00 5.876826531e-01 4.628100670e+00 4.431832112e+00
1.328993174e+00 1.920485455e+00 3.267280192e-01 1.477743310e+01 3.350294761e+00
-7.482857891e-01 2.865003790e+00 1.151659016e-01 2.829428127e+01 3.572343213e+00
-5.680352366e-01 8.242697680e-01 6.436521723e-01 3.455201705e+01 3.154173378e+00
-1.199193528e+00 2.997607202e+00 8.233379791e-02 1.893973965e+01 5.633377623e+00
-8.108538392e-01 1.196533546e+00 2.294442177e-01 2.107116578e+01 6.251111536e+00
-5.698034636e-01 9.763967974e-01 7.229037608e-01 4.248558524e-02 4.612760535e+00
1.457208830e+00 1.412806174e+00 7.991157891e-01 1.656872044e+01 5.758166361e+00
-7.421396146e-01 2.402737010e+00 7.724272015e-01 3.019785905e+01 3.361961476e+00
-1.852407768e-01 2.291326289e+00 6.987024682e-01 1.383643707e+01 5.153722473e+00
3.449943416e-01 2.859243249e+00 4.656738912e-01 2.271610064e+01 3.714064707e+00
1.141770871e+00 1.034469134e+00 5.108918477e-01 2.729275753e+01 6.059066843e+00
1.142199086e+00 1.173883109e+00 6.237777908e-01 2.528733802e+01 4.586269089e+00
5.491273239e-01 9.081467884e-01 2.429801651e-01 2.686261565e+01 4.828659010e+00
5.020054526e-01 2.926045812e+00 7.565918176e-01 5.847708478e+00 4.714434660e+00
7.402791727e-01 1.954969097e+00 6.517141698e-01 2.183820880e+01 6.196524246e+00
-8.705535135e-01 1.516159587e+00 4.470810755e-01 3.006095164e+01 5.344392242e+00
-1.029712180e+00 1.177704245e+00 2.863596023e-01 3.084824108e+01 4.940440677e+00
1.163103014e+00 3.075217760e+00 3.407915622e-01 1.973082086e+01 4.351298918e+00
-1.381164615e+00 2.187608460e+00 5.250940174e-01 3.735561064e+01 3.675830261e+00
5.767831745e-01 2.226657862e+00 1.053279685e-01 3.258971374e+00 3.708811378e+00
5.376873801e-01 2.395633059e+00 6.458582862e-01 7.371362517e+00 3.999674442e+00
3.485964607e-01 9.515538322e-01 2.371339242e-01 2.026308494e+01 3.565240392e+00
-1.381168838e+00 2.569056254e+00 1.843326785e-01 1.224724876e+01 6.015469395e+00
1.500195519e+00 1.521899702e+00 6.120433700e-01 3.617026165e+01 3.551085198e+00
-1.916918920e-01 2.271008528e+00 3.276277790e-01 1.544015622e+01 5.980710191e+00
1.023483676e-01 1.062048789e+00 2.842156209e-01 3.540253723e+01 3.343453185e+00
-1.560164617e+00 2.595234593e+00 4.636853943e-02 3.056477979e+01 4.406591975e+00
-7.810212888e-01 3.056226115e+00 4.367481523e-01 2.197721048e+01 3.764560021e+00
1.125659974e+00 1.842900262e+00 1.249761224e-01 1.849986511e+01 5.396642385e+00
-2.345631772e-01 2.267293830e+00 4.534564978e-01 2.985404475e+01 4.279644115e+00
7.404716413e-01 1.156720026e+00 7.190857823e-01 2.691005246e+01 6.088329101e+00
1.325215701e+00 2.743860375e+00 3.925249765e-01 1.343118088e+01 3.456159837e+00
-1.088091103e+00 1.997748309e+00 2.008473197e-01 3.901228339e+01 4.478355005e+00
1.545693981e+00 2.130495734e+00 6.040087490e-02 3.647467949e+01 4.910898009e+00
-9.974782019e-01 1.322045122e+00 4.163042785e-01 7.195355846e+00 5.394794907e+00
1.381954513e+00 1.375467951e+00 3.984333685e-01 2.236839469e+01 3.737047768e+00
-1.297187206e+00 1.089298471e+00 2.506990190e-01 2.625991035e+01 3.231623081e+00
-9.981835467e-02 2.040109584e+00 3.085483370e-01 3.945935073e+01 5.303235969e+00
1.033026088e+00 2.325375200e+00 2.600782218e-01 1.176232747e+01 4.060108261e+00
-6.874958943e-01 2.058962956e+00 1.200105637e-01 3.900118269e+01 3.524626176e+00
1.158947345e+00 2.403974965e+00 1.343001553e-01 2.289016542e+01 5.133130680e+00
1.495948043e+00 2.805658359e+00 3.739830911e-01 2.168641455e+01 5.194671093e+00
1.072980884e+00 2.399817394e+00 2.262495135e-01 3.823960120e+01 5.927348592e+00
-1.605368950e-01 1.986107137e+00 4.047500503e-01 3.062044659e+01 6.088879725e+00
-4.066035305e-01 2.671096193e+00 5.299817025e-01 3.481923518e+01 3.229356747e+00
-5.441796778e-02 7.980908683e-01 7.956824587e-01 2.683943826e+01 4.319389066e+00
-1.280549943e+00 1.491936740e+00 5.548948252e-01 3.683982558e+01 3.344597695e+00
-8.582150501e-01 3.026947287e+00 5.073839176e-02 3.307379464e+00 3.454478239e+00
1.148179834e-01 2.172253220e+00 7.404730622e-01 3.119853435e+01 5.840841443e+00
7.323473847e-01 2.722402104e+00 7.811305460e-01 7.048940896e+00 4.170520837e+00
-1.604201228e-01 1.847194191e+00 3.931182535e-01 3.034761704e+00 4.330967393e+00
-6.107275833e-01 3.066201138e+00 4.956317429e-01 3.667974087e+01 6.267296564e+00
1.404709154e+00 2.807063992e+00 1.648440629e-01 2.479843640e+01 5.749691602e+00
7.882462462e-01 1.222926168e+00 7.425917588e-02 1.850584035e+01 5.497642641e+00
-8.776783600e-02 1.365880184e+00 7.014730831e-01 2.966041970e+01 4.911449643e+00
-1.341537381e-01 1.556320875e+00 1.103687822e-01 3.392797713e+00 5.830396729e+00
7.735007022e-01 2.268469077e+00 3.277792490e-01 3.632003489e+01 6.104534258e+00
1.115955616e+00 1.601900944e+00 2.789394762e-01 3.174408597e+01 5.590855067e+00
-6.484051075e-01 1.609862155e+00 1.654138871e-01 3.295912906e+01 5.386427550e+00
7.326075279e-01 1.091747078e+00 2.971730930e-01 4.614433326e+00 4.674684726e+00
9.697284060e-01 1.410429914e+00 4.149678892e-01 2.455633348e+01 5.402495605e+00
1.215453099e+00 1.138394490e+00 6.059436210e-01 3.596705315e+01 3.802865392e+00
-1.492023717e+00 1.770344616e+00 6.312149958e-01 7.713284209e+00 3.226887298e+00
3.940526575e-02 2.189652233e+00 6.322586706e-01 8.983637336e+00 3.393118598e+00
3.541470364e-01 1.833937826e+00 6.729734830e-01 3.898713636e+01 3.347614358e+00
-6.897042919e-01 2.835963048e+00 6.102967146e-01 3.286306609e+01 4.341617761e+00
-1.503063786e-01 3.075037290e+00 5.877059511e-01 2.838471960e+01 3.287253113e+00
9.803421950e-02 2.748418749e+00 3.103577193e-01 1.280157410e+01 5.186840367e+00
1.534312529e+00 1.750327373e+00 3.649893570e-01 2.747998605e+01 3.390457041e+00
-1.551228550e+00 1.621601610e+00 5.001227851e-01 2.291040456e+01 5.595200403e+00
-9.379547833e-01 2.283022275e+00 2.652855845e-01 3.857836501e+01 5.618127972e+00
-7.634099995e-01 2.253317043e+00 4.806505796e-01 2.796813181e+01 5.338084628e+00
-5.000612054e-01 2.267140749e+00 6.245390202e-01 2.146306947e+01 5.025803477e+00
-1.403573838e+00 1.455417256e+00 6.180680073e-01 4.014429267e+00 4.958957422e+00
-5.448072845e-01 1.559449625e+00 4.617817202e-02 1.557733455e+01 5.204971353e+00
-9.471552294e-01 2.721381617e+00 7.161395210e-01 7.509862222e+00 6.085164255e+00
1.033734815e+00 2.397774729e+00 7.222003816e-02 2.568086416e+01 5.327964628e+00
4.305619139e-01 1.234719372e+00 2.771579842e-01 1.451137313e+01 4.842025971e+00
-1.301716090e+00 2.607917049e+00 2.747054575e-01 2.635223592e+01 3.199060200e+00
-8.786962269e-01 2.004222192e+00 6.003812702e-01 1.386268390e+01 4.342935026e+00
5.688926577e-01 2.535733497e+00 5.505218845e-01 3.862641873e+01 5.994440180e+00
-1.147952319e+00 1.840333772e+00 1.132720594e-01 5.076345437e+00 5.664830516e+00
1.433452989e+00 1.275593408e+00 2.263302426e-02 2.260346347e+01 4.398128114e+00
-1.141314711e+00 2.388526757e+00 6.233865086e-03 8.769174564e+00 3.414826852e+00
9.347847164e-01 2.738762230e+00 4.865273550e-01 3.996517626e+01 4.738087108e+00
-5.358339286e-03 2.023550827e+00 7.909735669e-01 3.414226257e+01 3.997852685e+00
-6.132177360e-01 2.868838761e+00 1.295776079e-01 1.868551111e+01 4.584160249e+00
-8.345929961e-01 3.094413766e+00 7.336812027e-01 3.602990667e+01 6.074010727e+00
1.234045642e+00 2.264010706e+00 6.710755616e-01 1.574714740e+01 4.348350921e+00
-3.845353776e-01 2.697593129e+00 2.493950191e-01 3.902991136e+01 4.912342602e+00
-1.330275282e+00 2.834591135e+00 5.585266483e-01 1.762313221e+01 3.964646341e+00
-1.463846477e+00 2.982896940e+00 5.217335681e-01 2.667049322e+01 5.414574769e+00
-1.205341682e-01 1.983505707e+00 4.185261196e-01 2.507488271e+01 5.719300390e+00
1.173807237e+00 2.821509787e+00 3.338717947e-01 2.165496403e+01 6.047464344e+00
-4.690861982e-01 1.515551352e+00 2.839203816e-01 3.746229706e+01 3.619936912e+00
1.015854532e+00 1.107322185e+00 3.743382684e-03 7.940826661e-01 4.170664862e+00
1.404205094e+00 2.833035428e+00 4.585001609e-01 3.536983456e+01 4.983282355e+00
-1.359492171e+00 1.696557774e+00 2.086390900e-02 3.291218980e+01 4.697509285e+00
-6.347821155e-01 1.804272971e+00 3.118500242e-01 3.680618484e+01 3.650891515e+00
3.741655914e-01 1.547969968e+00 1.896698961e-01 1.588381463e+01 4.854277339e+00
-6.224816710e-01 2.914292027e+00 1.524119948e-01 1.289831942e+01 4.570662070e+00
-1.020982143e+00 8.181055824e-01 7.080694819e-01 3.962022570e+01 4.812207257e+00
-1.411368702e-02 1.960508394e+00 6.155054666e-02 3.747293954e+01 5.614284695e+00
8.181910568e-01 1.944813880e+00 4.066290282e-01 1.433954334e+01 4.108331830e+00
5.880013520e-01 3.095015733e+00 4.089965858e-01 5.833551436e+00 4.979415052e+00
-7.907939924e-01 2.917109874e+00 3.454900479e-01 5.093075441e-01 4.524476860e+00
3.832263064e-01 2.561478599e+00 8.966794131e-02 1.308907910e-01 4.963882535e+00
-5.788411310e-01 1.445726463e+00 7.895180808e-01 3.033315258e+01 4.135995559e+00
-6.995404500e-01 2.557978172e+00 2.487243729e-01 1.030053787e+01 4.422918874e+00
1.349776762e+00 1.782603807e+00 7.025279643e-01 2.841555529e+01 3.565603145e+00
-6.920708550e-01 1.446819813e+00 5.602781096e-01 1.175829456e+01 5.365029775e+00
1.409341949e+00 2.194711146e+00 4.304400549e-01 1.744988864e+01 4.450272492e+00
-9.356655169e-01 2.887497234e+00 5.531100964e-01 7.077107635e+00 4.256812982e+00
2.056022220e-01 2.004931016e+00 1.916395458e-01 5.933619981e+00 3.631271120e+00
-3.758481705e-01 2.694502872e+00 4.237458851e-01 6.341739497e+00 6.240027958e+00
9.674551235e-01 2.006468769e+00 7.418259327e-01 2.451704969e+01 3.942331885e+00
-1.169481483e+00 1.346606442e+00 7.968128237e-01 4.709921403e+00 3.216922950e+00
1.417206191e+00 2.674074150e+00 3.694141622e-01 2.241320104e+01 4.273760569e+00
7.185179018e-01 3.024883485e+00 5.850834801e-01 2.618592292e+01 5.844848540e+00
-1.018788707e+00 1.988891352e+00 1.553641279e-01 3.327600818e+01 4.972720235e+00
6.052635538e-01 7.979163309e-01 1.720023427e-01 2.943685416e+01 5.801834861e+00
-1.278504305e+00 2.158789092e+00 2.037850243e-01 1.285082730e+01 5.058414970e+00
1.771009316e-01 7.895218319e-01 6.046113298e-01 6.211498986e+00 5.105561642e+00
-1.248168417e+00 8.590662129e-01 7.984047841e-01 2.399971221e+01 4.331559035e+00
-1.432803222e+00 2.384446422e+00 2.308441695e-01 2.926136555e+01 5.076388983e+00
-3.369518090e-01 1.571883128e+00 6.119628884e-01 1.516512916e+01 4.142142298e+00
5.999097524e-01 1.579170629e+00 5.278539579e-01 4.413654790e+00 3.394227465e+00
7.127091344e-01 2.265512268e+00 5.730346208e-01 3.189675497e+01 5.536516689e+00
5.307592194e-01 9.101247517e-01 7.173523041e-01 1.791948602e+01 5.355628065e+00
2.874818637e-01 3.132546326e+00 7.265385619e-01 2.892350736e+01 4.487140804e+00
1.190061732e+00 1.128813582e+00 3.396598642e-03 4.243812046e+00 3.458324419e+00
1.182450303e-01 2.601298074e+00 6.565511802e-01 6.952997047e-01 5.566036227e+00
-1.262837671e+00 2.907725615e+00 6.631029888e-01 3.245768842e+01 3.611120328e+00
-1.126331114e+00 2.332040264e+00 6.430770377e-01 1.871995517e+01 3.715103568e+00
1.451559480e+00 2.298992578e+00 7.998618354e-01 1.413082801e+01 5.112728719e+00
9.360462593e-01 2.903143843e+00 1.538430182e-01 2.283616382e+01 4.338799594e+00
-1.548793156e+00 1.077015993e+00 7.472441921e-01 1.902157230e+01 4.608200287e+00
1.399848247e+00 2.340413704e+00 2.835353957e-01 8.274827394e+00 5.792733376e+00
4.880269186e-01 1.705931926e+00 6.017576136e-01 1.169636740e+00 5.558508620e+00
1.289549547e+00 2.549052128e+00 6.977659655e-01 2.256427913e+01 5.972101606e+00
-1.090884168e+00 2.044367929e+00 5.061894287e-01 1.319629118e+01 6.003742034e+00
2.783054819e-01 2.035323800e+00 7.665090523e-01 1.846675542e+01 4.670834965e+00
1.182398279e-02 2.919644029e+00 9.750013332e-02 3.983565299e+01 5.260431805e+00
-1.024239797e+00 1.264591942e+00 7.662983493e-01 1.102291552e+01 4.120908390e+00
-1.372650063e+00 2.678004098e+00 6.671432610e-01 9.445641189e+00 3.221925325e+00
5.166817672e-01 1.092352480e+00 2.632896909e-01 2.226869976e+01 5.122816270e+00
-1.469817496e+00 2.168041941e+00 2.888902225e-01 3.903514493e+01 4.155262952e+00
-8.221914156e-01 1.361170157e+00 6.808222418e-02 5.410734964e+00 3.417832200e+00
4.844911216e-02 1.219833154e+00 6.083740541e-01 2.991304063e+01 4.629496933e+00
3.214035535e-01 3.133862078e+00 7.666883249e-01 1.651781943e+00 4.851401304e+00
-6.815070705e-01 2.053587003e+00 2.977401680e-01 2.870018749e+01 4.057074188e+00
1.077428210e+00 2.835486512e+00 5.550582293e-01 3.161525984e+01 3.311306786e+00
1.239375504e+00 2.491691245e+00 4.380089743e-01 1.735612872e+01 4.561423183e+00
7.008204542e-01 2.562350285e+00 5.671073144e-01 3.766882579e+01 3.251229204e+00
1.339340044e+00 2.325450290e+00 2.419717030e-01 6.479923950e+00 5.168642003e+00
-1.384748683e+00 1.696623166e+00 2.804270641e-01 6.943691957e+00 3.651751429e+00
-1.412536965e+00 1.401221887e+00 2.722256798e-01 7.235083565e+00 4.980730385e+00
-1.181016416e+00 1.771171549e+00 6.733668063e-01 1.762056711e+01 5.534626834e+00
-1.186667414e+00 2.141730539e+00 4.474516663e-01 1.069263976e+01 3.650612124e+00
9.781146574e-02 2.807071198e+00 5.745412617e-01 3.742959385e+01 3.906336912e+00
1.297253452e+00 2.851832093e+00 6.040867846e-01 1.118285827e+01 4.333688499e+00
-9.970527713e-01 1.724432757e+00 2.969293183e-01 3.677823938e+01 3.995408744e+00
1.543305951e+00 8.071042823e-01 1.135083473e-01 6.937024994e+00 4.568477310e+00
1.192901354e+00 1.749829900e+00 5.196330281e-01 6.543059445e-01 3.771687441e+00
-5.559193088e-01 2.050744976e+00 5.426505079e-01 3.908727012e+01 4.233165805e+00
-9.692686842e-01 1.964965928e+00 5.951276920e-01 3.682294402e+01 3.569533588e+00
-9.839396195e-03 1.000477146e+00 6.297146841e-01 1.417896713e+01 5.551277953e+00
-5.827672929e-01 2.825197071e+00 4.808255532e-01 5.794356538e+00 5.587365134e+00
-1.474843372e+00 2.347838488e+00 3.215007221e-01 1.636660019e+01 4.389670686e+00
-1.279162132e+00 2.921216995e+00 3.404075763e-02 3.403579806e+01 3.207505396e+00
2.795238955e-01 2.088995268e+00 1.896240423e-02 1.614006923e+01 4.725808752e+00
4.208805197e-01 2.592418422e+00 9.939042653e-02 2.502145017e+01 3.611632428e+00
1.464321681e+00 1.096783926e+00 2.113732988e-01 1.152282179e+01 5.002014143e+00
-1.523277791e+00 1.622866459e+00 5.784953829e-01 6.145001174e+00 6.053853184e+00
7.321223508e-01 9.192284850e-01 4.753992260e-01 2.811263773e+00 4.838033548e+00
4.171893660e-01 2.138888159e+00 3.215042306e-01 4.482272739e+00 6.067491841e+00
5.290652181e-03 2.255697583e+00 3.331492534e-01 3.079658880e+01 5.485799606e+00
-1.190259221e+00 1.553643219e+00 7.879752259e-02 1.677338078e+01 3.421196302e+00
1.123932812e+00 1.634331877e+00 1.978804225e-01 1.495648367e+01 3.917159043e+00
6.355701472e-01 1.769424498e+00 6.083992196e-01 1.455353322e+01 4.423988692e+00
2.154480499e-01 1.291332083e+00 3.665611559e-01 2.491884692e+01 5.448944564e+00
1.510651524e+00 2.609994615e+00 5.757527578e-01 4.830369954e+00 4.827384548e+00
-1.286292518e+00 1.955644267e+00 4.636606069e-01 2.200895725e+01 5.259646596e+00
7.130304810e-01 1.478513891e+00 3.470491484e-01 5.064074548e+00 3.912494844e+00
-3.569017639e-02 2.663000432e+00 7.968318458e-03 1.031703524e+01 5.846922408e+00
-6.892326942e-01 2.919258352e+00 4.852405535e-01 7.704940086e-01 3.210883174e+00
1.209937038e+00 2.417053760e+00 2.707001934e-01 2.793308499e+01 4.833093685e+00
9.662664746e-01 1.605359214e+00 4.360074160e-01 2.673876152e+01 5.164310363e+00
-1.901296183e-01 2.221362719e+00 6.464878685e-01 2.671942939e+01 5.580413271e+00
4.447751007e-01 1.612432546e+00 6.132544238e-01 3.047212241e+01 4.048382910e+00
4.114626506e-01 2.257342684e+00 4.698591335e-01 2.638539289e+00 5.250094333e+00
-1.543508686e+00 1.399413752e+00 2.410001616e-01 2.133005403e+01 4.111782181e+00
-8.739927889e-01 1.188771190e+00 1.916913686e-01 7.843522762e+00 3.404193017e+00
-8.889566598e-01 2.125344770e+00 7.818562626e-01 4.077889748e-01 4.215496871e+00
-8.783552528e-01 1.684576502e+00 8.233984600e-02 3.622220585e+01 5.554452926e+00
7.571708511e-01 9.979582089e-01 2.271945365e-01 2.199729255e+01 4.332713990e+00
1.386479590e+00 1.632793586e+00 3.596529017e-01 3.952329046e+01 4.685448654e+00
-7.333868800e-01 2.270302269e+00 2.996011032e-01 1.947877706e+01 4.472005853e+00
7.764381885e-01 2.869178987e+00 5.919633588e-01 4.194029699e+00 4.303029453e+00
-1.563496819e+00 2.932896916e+00 2.084698707e-01 1.510294728e+01 3.337773213e+00
9.713788466e-01 2.810208255e+00 6.820046771e-01 2.961034335e+00 4.233810378e+00
9.633799215e-01 3.088376601e+00 8.016773705e-02 3.159838158e+01 3.339242553e+00
-1.398767427e+00 1.467924280e+00 3.740071575e-01 2.748932201e+01 4.114488255e+00
-1.259340072e+00 3.013365971e+00 1.236478471e-01 2.513790746e+01 3.281592969e+00
1.671314270e-01 1.880185627e+00 3.615713966e-01 3.999310389e+01 4.263237154e+00
8.255391349e-01 1.625526450e+00 5.488560079e-01 1.295211837e+01 3.923422145e+00
7.251240827e-01 1.653375426e+00 6.985147575e-01 3.726291897e-01 5.280427916e+00
5.729590787e-01 3.064244402e+00 4.293853551e-01 2.567175653e+01 5.445400051e+00
8.245367098e-01 3.120928367e+00 4.733101202e-01 1.290458149e+01 4.048956993e+00
3.121553315e-01 3.069480029e+00 8.820795047e-02 2.721802669e+01 3.939846555e+00
-8.306010490e-01 2.633012763e+00 6.371522477e-01 2.803645682e+01 4.089436693e+00
-1.481887544e+00 7.948036616e-01 2.839081621e-01 9.123174015e+00 4.558740829e+00
1.292662132e+00 1.422106661e+00 4.724968887e-01 2.550902633e+01 3.756248050e+00
-2.697869172e-01 1.947418019e+00 6.852271571e-01 2.569241741e+01 4.169078995e+00
7.016772127e-01 1.606511477e+00 6.524019654e-01 3.835869904e+01 5.421511778e+00
-7.349142568e-01 1.417241547e+00 2.166577924e-01 3.485689410e+01 6.151893500e+00
1.508360473e+00 2.996537026e+00 4.605817415e-01 2.989078961e+01 3.631574549e+00
-1.010797392e+00 1.765802032e+00 3.829165090e-01 3.122304474e+01 4.872326684e+00
-1.422676166e+00 1.545101924e+00 3.868050472e-01 5.666193818e+00 3.488710330e+00
-1.847636151e-02 2.303085529e+00 5.027212269e-02 1.990837292e+01 3.299366135e+00
-4.065385715e-01 1.558779978e+00 6.377677195e-01 3.236437061e+01 5.752374020e+00
4.885031646e-01 2.925343425e+00 7.024198869e-01 2.223760239e-01 5.569220934e+00
-1.569855156e+00 2.282346768e+00 3.802807016e-01 1.497860910e+01 5.051205588e+00
-1.120933763e+00 1.580075537e+00 4.964155648e-02 2.056814193e+01 4.695701290e+00
1.127184263e+00 9.286340460e-01 2.118253543e-01 3.434816153e+01 4.704515654e+00
5.740233051e-01 1.047150698e+00 1.346161602e-01 2.650614619e+01 4.130559793e+00
-5.274154185e-01 2.289683291e+00 6.642009491e-01 3.258780782e+01 5.361239600e+00
-1.492077135e+00 2.691423004e+00 5.088378702e-01 1.502623940e+01 3.630648547e+00
-1.437482842e+00 1.889634225e+00 3.431819972e-01 2.265387666e+01 3.600590589e+00
-3.467109094e-01 9.017720705e-01 1.238644169e-01 3.659132555e+01 5.975173160e+00
1.391055523e+00 1.999680449e+00 5.101791684e-02 9.698590078e+00 4.240849294e+00
1.314441899e+00 1.390913468e+00 3.930066960e-01 2.565689528e+01 3.218768035e+00
-5.817573221e-01 1.724296478e+00 6.260083217e-01 2.424032871e+01 6.170261543e+00
-4.012261881e-01 2.135382786e+00 1.567962269e-02 3.200187394e+01 5.484684853e+00
-7.324058069e-01 1.328103491e+00 5.965044152e-01 2.278960880e+00 5.312317321e+00
-1.124515783e+00 1.050293961e+00 4.872276148e-01 3.988782258e+01 5.312978749e+00
2.873681590e-01 1.510329708e+00 4.448290783e-01 1.059839010e+01 5.849360423e+00
-1.159300106e-01 2.066028714e+00 1.985991041e-01 3.071139230e+01 3.185446200e+00
1.052937229e+00 2.300695503e+00 7.900348460e-01 2.131043278e+01 4.801299015e+00
-1.433740052e-02 2.410530205e+00 5.628820789e-01 5.949432548e+00 5.595135571e+00
-1.514376397e+00 2.839817651e+00 5.060294164e-01 7.385969546e+00 4.209862556e+00
-1.950106150e-01 8.371640668e-01 6.222276843e-01 3.877884324e+01 5.193552326e+00
-1.149119384e+00 2.344418656e+00 4.823980681e-01 2.352257271e+01 4.796397920e+00
-5.262609550e-01 2.999190092e+00 6.544451272e-01 1.767619042e+00 4.983759672e+00
4.090478553e-03 2.435583849e+00 3.481770952e-02 9.020772229e+00 3.401542990e+00
1.361777530e-01 1.855078036e+00 2.350903445e-01 1.848703841e+01 3.795901611e+00
6.118255490e-01 9.615006610e-01 4.536569862e-01 1.141713531e+01 3.835318549e+00
1.457574641e+00 2.589013764e+00 3.616185623e-01 2.774108567e+01 5.498056196e+00
-3.928088913e-01 2.359621251e+00 6.123448097e-01 6.835329888e+00 6.230683063e+00
8.017920922e-01 1.459208617e+00 3.082630791e-01 2.437270328e+01 3.188664841e+00
8.942638056e-02 1.446997142e+00 4.956978509e-01 1.604395301e+01 5.879190503e+00
1.144942790e+00 1.585715225e+00 5.910143557e-01 3.586044991e+01 4.052387511e+00
1.910658501e-01 3.043786272e+00 3.566608799e-01 1.245473108e+01 5.133072592e+00
-3.700884012e-01 1.274476765e+00 3.823028552e-01 3.920018105e+01 5.612242717e+00
-1.196687324e-04 2.021460635e+00 1.714960625e-02 3.987064201e+01 4.325343138e+00
9.337690738e-02 2.559835475e+00 5.165930835e-01 1.738666143e+00 5.247378603e+00
1.524852955e+00 2.526909258e+00 4.970475931e-01 1.075190983e+01 4.189167105e+00
-1.377576483e+00 1.894530690e+00 3.761785192e-01 2.779041524e+01 4.854404811e+00
-1.429180749e+00 1.504235893e+00 5.810729124e-02 1.186904585e+01 3.688246351e+00
-9.598201551e-01 1.646182755e+00 2.754211788e-01 7.042360333e+00 5.715325209e+00
-1.557726357e+00 1.405753830e+00 6.563644147e-01 1.551854922e+01 4.175912976e+00
-1.237752910e+00 2.545362804e+00 4.887413993e-01 2.218494518e+01 3.862497986e+00
-3.314655143e-01 1.150927701e+00 4.533764619e-01 3.785778133e+01 4.569636513e+00
-9.268310664e-01 2.928189830e+00 2.743177549e-01 7.244363231e+00 5.461348842e+00
-5.662874150e-02 1.021763470e+00 1.100358252e-01 9.562766726e-01 5.015980501e+00
1.084556455e+00 2.507326776e+00 5.962574041e-01 1.770165453e+01 4.083644781e+00
4.347902035e-01 1.178997653e+00 4.249102327e-01 3.569353774e+00 4.691124581e+00
8.397371095e-01 1.720437808e+00 5.309376095e-01 3.587366886e+01 6.238076476e+00
1.037920269e+00 9.781999768e-01 7.702174584e-01 1.211449899e+01 5.414159261e+00
-1.171409992e+00 1.550558015e+00 6.226297436e-01 1.264275654e+01 3.577195618e+00
-1.431001050e+00 2.860356109e+00 4.937884805e-01 2.407904530e+01 3.672481396e+00
-1.626610318e-01 1.356544024e+00 1.577574181e-01 1.721063715e+01 3.722198244e+00
-1.050155556e-01 1.584657191e+00 2.070204159e-01 3.051444411e+01 4.571306602e+00
1.445239908e+00 2.225698981e+00 2.807687585e-01 1.097909622e+00 5.013210981e+00
-7.604898585e-01 2.686899547e+00 7.388490831e-01 3.955109516e+01 4.386227575e+00
-1.754922365e-01 2.102187304e+00 3.701260673e-01 3.366234502e+01 4.444234438e+00
1.852863110e-01 1.850386576e+00 2.608908060e-01 3.965069766e+01 4.028715306e+00
1.098964910e+00 1.158926529e+00 4.625607576e-01 3.744430085e+01 4.946525225e+00
-1.176467152e+00 2.267778791e+00 1.072800089e-01 3.857090262e+01 5.667538029e+00
1.345494328e+00 1.579565528e+00 2.249053356e-02 1.787563421e-01 4.466695367e+00
2.502863753e-01 1.104938068e+00 3.235037641e-01 3.597263535e+01 4.800996014e+00
-1.176450902e-01 1.183302269e+00 6.855948679e-01 4.039163354e+00 5.984546577e+00
-1.777436688e-01 1.323508324e+00 4.219048691e-01 2.448293561e+01 4.655623329e+00
-1.413342113e+00 3.121404397e+00 4.925957032e-01 3.136723245e+01 4.037904937e+00
-7.064180619e-01 1.962985752e+00 8.748816705e-02 2.524155712e+01 4.890244435e+00
3.765776442e-01 1.880601810e+00 1.437060071e-01 6.376625280e+00 3.753809795e+00
1.315698237e+00 1.446642588e+00 7.156548601e-01 1.066750128e+00 4.897957581e+00
1.320942947e+00 1.829232074e+00 7.145703969e-01 6.632622474e+00 3.144692007e+00
-7.659604113e-01 9.921946561e-01 4.052546432e-01 2.894965060e+01 6.231394526e+00
1.134994743e-01 1.400506946e+00 7.991728163e-01 3.839742691e+01 4.791950706e+00
-6.093981741e-01 1.118557621e+00 4.857659370e-01 5.085260711e+00 4.394358105e+00
-4.149456704e-01 1.343789782e+00 1.714660862e-01 3.125515015e+01 5.415312021e+00
-4.675549351e-01 1.299258069e+00 7.711296382e-02 1.120945393e+01 5.795198068e+00
-2.109837220e-01 2.026431249e+00 6.899408587e-01 3.964899830e+01 5.639969299e+00
-1.559757038e+00 1.563454722e+00 1.164783251e-01 7.493169341e+00 6.131163038e+00
-1.417120367e-01 2.959161502e+00 3.881020169e-01 1.641183478e+01 5.284788122e+00
-5.841687606e-01 1.619902841e+00 2.656060980e-02 8.221407534e+00 5.170350924e+00
-7.421402595e-01 1.405908084e+00 6.006672007e-01 2.104089570e+01 3.973969172e+00
2.273769287e-01 2.169802433e+00 3.018296814e-01 7.833016010e+00 5.385033956e+00
-2.820141588e-02 2.713502703e+00 7.901910654e-01 2.086386146e+01 6.193718625e+00
6.898230213e-01 3.071326881e+00 2.578026705e-01 3.609125490e+01 5.603613301e+00
-1.137106701e-01 2.753566760e+00 2.348922734e-01 3.531016337e+01 6.250892699e+00
1.102496270e+00 2.261283997e+00 2.119456462e-01 3.213666101e+01 5.338299059e+00
9.053645881e-01 1.525184654e+00 9.812937289e-03 9.106174990e-01 6.087113655e+00
1.288883847e-01 2.224017143e+00 2.411717876e-01 3.192609617e+01 4.040481404e+00
1.401335863e+00 2.780593452e+00 7.905134836e-01 2.150693627e+01 5.645247048e+00
4.596520562e-01 1.284441262e+00 5.338336287e-01 5.603760578e+00 4.821771063e+00
-2.467911004e-01 2.822398256e+00 4.391081478e-01 2.464109059e+01 4.735980910e+00
-8.593166720e-01 2.316294459e+00 3.277351775e-01 3.558557519e+01 3.956957779e+00
-1.059884269e+00 1.010930752e+00 3.398432336e-01 2.308094468e+01 3.968330953e+00
-4.560781264e-01 2.611056796e+00 2.495549689e-01 3.186236685e+01 4.406073466e+00
-7.986626362e-01 1.426207304e+00 3.406871709e-01 1.930435782e+01 3.615516941e+00
-1.009123842e-01 3.052580392e+00 4.025742552e-01 2.286952456e+01 3.685971845e+00
8.681323445e-01 2.270635586e+00 2.785419528e-01 6.404567999e+00 3.570923306e+00
-1.448561328e+00 1.311484008e+00 4.371093414e-02 1.841820104e+01 5.529112444e+00
8.856064221e-01 2.973147333e+00 4.397182291e-01 3.878104605e+01 6.002216644e+00
-1.042058293e+00 1.763884493e+00 5.056604473e-01 1.923832482e+01 3.555854939e+00
2.789765455e-01 7.978743257e-01 7.895984707e-01 2.079014571e+01 5.951568300e+00
-1.556155191e+00 3.072302560e+00 2.014527110e-01 1.468161411e+01 5.047924183e+00
1.046088243e+00 2.129535684e+00 2.581324717e-01 1.879727656e+01 3.414239939e+00
6.830739458e-01 1.474265146e+00 9.764744704e-03 2.059141239e+01 4.443173565e+00
-1.009721848e+00 1.933791147e+00 5.216764256e-01 1.597720063e+01 5.730159881e+00
1.315325351e+00 2.398461442e+00 7.311130960e-01 1.230849055e+01 3.419641528e+00
-4.630328474e-01 2.117508705e+00 6.713187305e-01 1.271498383e+01 5.261117609e+00
3.528750372e-01 7.876600084e-01 1.272744389e-01 1.394549309e+01 4.195299025e+00
-8.910026075e-01 2.254479515e+00 5.768603525e-01 3.591371197e+01 4.943120753e+00
-4.509767924e-03 2.958145295e+00 5.962227892e-01 2.598819017e+01 3.816715298e+00
5.755893896e-01 2.761004156e+00 2.475047504e-01 1.240296970e+01 5.901765440e+00
-9.491450939e-01 8.268603651e-01 5.370347308e-01 7.841085501e+00 5.613384318e+00
-5.462676361e-01 2.943258621e+00 6.353971213e-01 2.188359122e+01 4.170787686e+00
-2.084942445e-01 1.688316354e+00 4.232406757e-01 1.589999504e+00 5.008650915e+00
1.730188485e-01 1.130312620e+00 4.619691839e-01 8.326372431e+00 4.856819223e+00
-6.555593785e-01 2.699307301e+00 6.583070659e-01 2.946561143e+01 3.266641560e+00
-8.517701494e-02 2.074010615e+00 9.073362382e-03 3.242558751e+01 3.587065011e+00
-1.242975492e+00 3.056568357e+00 2.949804599e-01 3.863352357e+01 5.116700967e+00
-1.949699096e-01 1.277888583e+00 5.597016511e-01 1.379461602e+01 4.349845543e+00
-1.503495787e+00 2.151039863e+00 6.954806907e-01 2.591374427e+01 3.659131046e+00
-1.007841667e+00 1.868604572e+00 6.100061326e-01 3.489834101e+00 5.412193278e+00
1.297040418e+00 8.916024976e-01 1.804978594e-01 2.783779276e+01 6.026915601e+00
-9.205048836e-01 1.377654895e+00 3.443006050e-01 1.395657947e+01 5.493491925e+00
-4.266634748e-01 1.940590691e+00 4.410815485e-01 1.089480323e+00 4.756672853e+00
-1.001298866e+00 2.208500779e+00 6.548541668e-01 2.901198654e+00 5.632183273e+00
2.673261036e-01 1.995362397e+00 6.395788557e-01 6.716350422e+00 4.033833528e+00
2.769483668e-01 2.660857152e+00 5.533388118e-01 2.476835343e+01 4.062602327e+00
1.233991618e+00 8.589587876e-01 5.447230861e-01 1.049112593e+01 4.610377526e+00
7.313000388e-01 1.447099873e+00 5.053500788e-01 1.302285033e+01 4.175116945e+00
1.393003916e+00 1.280170271e+00 1.705894722e-01 2.738262257e+01 3.898682323e+00
-9.583785024e-01 3.092040430e+00 1.409067090e-02 2.053407490e+01 3.903856101e+00
-8.130102391e-01 2.709282273e+00 9.250953114e-02 3.554913584e+01 5.279594480e+00
1.149094076e+00 1.967630377e+00 2.220579236e-01 9.313561618e+00 6.090990252e+00
1.162089790e+00 8.691262933e-01 2.605389449e-01 2.421848663e+01 3.562895519e+00
-1.149811066e+00 1.675335150e+00 2.989075534e-01 2.066004978e+01 5.543880405e+00
-4.305355875e-01 2.628516401e+00 4.588313003e-01 2.113805475e+01 4.034399659e+00
-1.527285080e+00 1.583561781e+00 7.634763695e-01 4.274905559e+00 5.325809047e+00
-8.364618263e-01 2.398430395e+00 4.162831925e-01 2.333206020e+01 5.329394221e+00
-4.841076320e-01 1.205939822e+00 6.602172531e-01 1.430696884e+01 6.181883233e+00
-6.012585089e-01 1.706323555e+00 2.474634710e-01 1.334193676e+01 3.992045005e+00
-1.189336535e+00 2.560468914e+00 6.211415574e-01 3.078632902e+01 4.454831843e+00
1.423235289e+00 1.534890824e+00 7.959994543e-03 3.021675477e+01 5.581687057e+00
-4.464572904e-01 2.762985971e+00 2.039587152e-01 6.682865984e+00 4.121408229e+00
-8.626232014e-02 1.703205034e+00 7.343553981e-01 8.867632814e+00 5.641594102e+00
6.115454242e-01 9.170647331e-01 3.296776564e-01 1.717782663e+01 3.630401512e+00
9.899918919e-01 1.304876553e+00 7.311447774e-01 6.048268354e+00 6.109294020e+00
1.222987747e+00 2.681363029e+00 3.207566203e-01 2.908902641e+01 3.320568478e+00
2.750474483e-01 2.283665781e+00 4.971689745e-01 1.961284428e+01 3.244484809e+00
1.206046960e+00 1.350241411e+00 3.604411346e-02 1.597970662e+01 3.842941514e+00
1.695687810e-01 1.783395267e+00 5.590017682e-01 3.328918325e+01 3.751438847e+00
9.280485985e-01 1.528203110e+00 1.477850992e-01 3.962800058e+01 5.232991491e+00
-8.090862327e-01 1.870963405e+00 3.609124192e-01 2.931704397e+01 5.747078978e+00
7.833431577e-01 1.722742866e+00 2.192130077e-01 2.478679210e+01 4.075808999e+00
-7.565533004e-01 1.575368553e+00 4.729274293e-01 2.130152633e+01 5.563457239e+00
2.414460708e-01 2.659726782e+00 4.732896195e-02 1.622138301e+01 3.194481228e+00
1.368049681e+00 2.126496458e+00 6.328868271e-01 3.055061087e+00 3.880134147e+00
3.587884621e-01 1.229096458e+00 6.956520913e-01 2.334126908e+01 4.248310451e+00
-1.348363030e+00 9.571995117e-01 3.592580322e-01 2.853967186e+01 5.377469623e+00
1.234094032e+00 3.051313715e+00 5.768156107e-01 5.604638156e+00 4.310350167e+00
6.156782796e-02 2.448926708e+00 7.266540586e-01 3.594571080e+01 4.941744475e+00
-1.305887862e+00 2.461426897e+00 1.638346008e-01 1.712808819e+01 6.240192758e+00
-3.951870903e-01 2.427623832e+00 3.807947209e-01 2.898273757e+01 6.116430759e+00
7.307605677e-01 1.796377290e+00 6.455120648e-01 2.762105218e+01 3.755652764e+00
-1.278041606e+00 1.959846238e+00 3.474423646e-01 1.585173564e+01 6.004242423e+00
5.268532791e-01 2.250528689e+00 6.642382660e-01 6.807737614e+00 3.600200686e+00
1.558422321e+00 2.431558274e+00 1.591968532e-01 3.382081479e+01 5.816969709e+00
-9.759170082e-01 1.206796036e+00 2.555808865e-01 2.683254145e+01 6.268243174e+00
4.321564853e-01 2.021004732e+00 5.417047759e-01 2.463711893e+01 4.741899312e+00
1.330155313e+00 8.457507156e-01 5.090276834e-01 5.525799033e+00 5.421780062e+00
9.812073926e-01 1.787934484e+00 3.131365364e-01 5.110666765e+00 3.991110984e+00
-8.309800108e-01 8.773634804e-01 1.580922647e-01 3.306260996e+01 5.379168590e+00
5.021255675e-01 1.654890895e+00 6.959539091e-01 1.407113920e+01 3.438499715e+00
1.174707577e+00 2.587267220e+00 6.008951563e-01 3.208984610e+01 3.980610099e+00
5.639370147e-01 2.324896523e+00 5.410318204e-01 3.887174757e+00 4.478453018e+00
-1.026716309e+00 2.222836446e+00 3.122399742e-01 7.228881808e-01 3.366322026e+00
1.014835963e+00 1.597236469e+00 6.314760270e-01 2.069254151e+01 6.123678982e+00
1.075086701e+00 1.881747764e+00 4.704642586e-01 1.362035882e+01 4.817377503e+00
1.178245034e+00 1.255295340e+00 4.275896516e-01 2.826075656e+00 4.054803711e+00
-1.187142002e+00 1.279709600e+00 6.763394094e-01 2.087201079e+01 4.950575303e+00
-3.518903972e-01 1.174831575e+00 1.716980333e-01 2.377553916e-01 5.720726825e+00
7.997295289e-02 1.428100814e+00 7.292799600e-01 3.060643173e+01 5.182065330e+00
-1.172618526e+00 2.874553409e+00 7.990917024e-01 1.121683932e+01 3.313442322e+00
-3.298337656e-01 2.772241824e+00 7.854943638e-01 3.325712629e+01 5.895838224e+00
1.305042213e+00 2.973139168e+00 5.000185305e-01 3.905927714e+01 3.913729889e+00
8.014177761e-01 2.831781486e+00 7.044518711e-01 9.360900446e+00 3.593857149e+00
-1.372320661e+00 1.022502329e+00 5.213559018e-01 1.234635514e+01 6.068688308e+00
7.337877100e-01 2.620940295e+00 4.884579828e-01 2.876307384e+01 4.456867784e+00
1.067734687e-01 1.875354775e+00 3.244982866e-01 2.696341743e+01 4.219604455e+00
1.494695146e+00 2.529533794e+00 3.841380230e-01 4.799658359e+00 4.819608161e+00
5.931752219e-01 2.788583063e+00 6.101903211e-01 7.104802160e+00 6.025763898e+00
1.535429615e+00 2.471237432e+00 6.116737918e-01 1.620120033e+00 5.262024144e+00
-3.273128425e-01 2.464683331e+00 6.035537299e-01 1.378825225e+01 5.592357271e+00
8.893386963e-01 2.891497876e+00 7.302629845e-01 5.033318623e+00 4.597370191e+00
9.555410387e-01 1.323365200e+00 8.183841452e-02 1.033013864e+01 4.159243071e+00
-1.155431224e+00 1.551337793e+00 6.549773129e-01 3.625810262e+01 5.579170042e+00
-9.572770792e-01 2.977020757e+00 1.326555192e-01 2.227381496e+01 6.241428987e+00
1.663914863e-01 8.754704809e-01 3.104800849e-01 2.417876980e+01 4.569722662e+00
9.909057587e-01 1.961667687e+00 5.395366689e-01 1.449759009e+01 4.895295245e+00
-7.630769110e-01 3.020568175e+00 6.727205069e-01 7.671123014e+00 3.685855889e+00
-1.507868986e+00 1.922221290e+00 2.345104642e-01 1.472102406e+01 4.818346962e+00
-6.184773365e-01 1.320359729e+00 4.109881041e-01 1.737681551e+01 4.582031046e+00
-4.257786726e-01 2.977501889e+00 7.899601440e-01 3.770852080e+01 3.474056156e+00
3.421462441e-01 2.778534312e+00 4.911228633e-01 2.289341559e+01 4.892596533e+00
-9.803469670e-01 9.964734717e-01 2.274054509e-01 6.547956575e+00 6.145656482e+00
-7.548106320e-01 3.002254762e+00 4.478445714e-01 3.219355326e+01 6.173551234e+00
3.817905267e-01 8.439743544e-01 4.582886876e-01 1.934263333e+01 3.571192005e+00
-1.156015850e+00 2.053912039e+00 1.843191536e-01 3.530545100e+01 5.021783153e+00
-2.644195305e-01 1.960319499e+00 4.781591761e-01 4.890371405e+00 5.502230583e+00
-2.216163845e-01 2.789479570e+00 6.149776631e-01 8.649160431e+00 5.325320412e+00
-1.161971969e+00 2.765440310e+00 3.605872903e-01 1.437964493e+01 3.869070093e+00
-1.107994555e+00 2.314479671e+00 6.733346527e-02 3.220141152e+01 6.078384776e+00
-3.322777892e-01 1.928705088e+00 4.548770166e-01 2.732105341e+00 4.759337930e+00
7.503942363e-01 1.344575622e+00 2.587399860e-01 4.910977776e+00 6.026645239e+00
4.401166656e-01 1.649920620e+00 1.106257645e-01 2.539656945e+01 5.516690604e+00
9.156554261e-01 1.424266826e+00 7.436473469e-01 2.404727967e+01 4.526636908e+00
4.855370327e-01 2.113917621e+00 7.667124124e-01 3.627357434e+01 3.443486027e+00
-1.414593621e+00 1.798798112e+00 1.102082774e-01 1.011033408e+01 4.633266970e+00
9.478088162e-01 1.674822810e+00 3.865884967e-01 2.563884457e+01 4.581219972e+00
-6.359741376e-01 1.979236727e+00 4.620885317e-01 1.760867024e+00 5.160412734e+00
-2.676759230e-01 1.183671706e+00 2.731948384e-01 1.644376702e+01 5.266695166e+00
-8.659571148e-01 2.388334938e+00 6.305413483e-01 2.010634935e+01 4.673315167e+00
7.048897789e-01 2.097530595e+00 2.159131943e-01 2.321276243e+01 5.247030506e+00
9.477864910e-01 2.196355552e+00 1.515094440e-01 1.995054754e+01 5.664806511e+00
1.126960340e+00 1.632693724e+00 3.695468311e-01 2.260870621e+01 3.401963176e+00
-7.621486208e-01 1.541877230e+00 4.224280292e-01 8.905601795e+00 4.937918723e+00
3.555387062e-01 2.051329209e+00 6.385790919e-01 2.863624432e+01 4.072372528e+00
-5.489090212e-01 2.336862141e+00 7.081305610e-01 2.534466163e+01 4.186829355e+00
1.007576088e+00 3.054083907e+00 2.345167817e-01 2.952423540e+01 5.363304674e+00
-1.160662008e+00 2.489727502e+00 1.094785224e-01 4.307414282e+00 5.697096748e+00
8.854551645e-01 1.162077538e+00 1.441645610e-01 2.239523865e+01 4.794201918e+00
1.965048812e-01 1.660999308e+00 6.450634429e-01 2.397473105e+01 5.503610033e+00
-9.219238211e-01 2.030178667e+00 5.798949318e-02 1.682275142e+01 3.866307043e+00
-1.458503426e+00 1.021935979e+00 1.564275038e-01 5.390807844e+00 5.164419788e+00
-1.265821166e+00 8.018191288e-01 5.509285480e-01 1.365886051e+01 5.617841627e+00
1.178784965e+00 1.199338274e+00 3.205439051e-01 1.615887514e+01 5.873486702e+00
7.055352019e-01 1.924340961e+00 4.899142819e-01 1.715883699e+01 3.369064773e+00
8.076092208e-01 1.941825027e+00 5.100968306e-01 2.218165884e+00 5.832920409e+00
1.552443016e-01 1.975947011e+00 7.949674868e-01 3.249225648e+01 3.609082835e+00
-3.618737709e-01 1.093962038e+00 4.320583402e-01 2.311482556e+01 4.561842915e+00
-3.257768250e-01 2.500975040e+00 8.737963061e-02 2.850176263e+01 5.201556947e+00
-1.385701982e+00 2.162302108e+00 7.480392206e-01 1.911365532e+01 5.091034476e+00
3.320309485e-01 1.255653030e+00 4.030164580e-01 3.197346077e+01 5.612454071e+00
5.578403161e-01 2.454894138e+00 2.233133793e-01 2.040005111e+01 3.915632254e+00
-1.234405291e+00 2.684966748e+00 1.404234690e-02 3.756826260e+00 3.588016670e+00
1.024210392e+00 2.820848494e+00 3.016875501e-01 2.061466789e+00 3.254735810e+00
5.874335079e-01 2.904282613e+00 6.268966729e-01 1.089879725e+01 4.895558929e+00
1.404088907e+00 2.454123320e+00 3.465961174e-02 1.722453919e+01 4.063698446e+00
1.430749968e+00 2.655628471e+00 6.427131502e-02 3.441525066e+01 4.243610160e+00
1.055681602e+00 8.932562201e-01 4.905608602e-01 8.695225833e+00 3.322507927e+00
6.731019455e-03 2.517793482e+00 6.904854464e-01 3.147988159e+01 4.005780372e+00
-2.560719722e-01 1.843513607e+00 7.205148267e-01 4.993247308e+00 3.515314047e+00
-1.525800758e+00 1.175457767e+00 5.189218937e-01 1.869225741e+01 6.122046506e+00
-3.967811285e-01 1.801534918e+00 1.995593258e-01 1.418909823e+01 5.450651897e+00
-1.154742946e+00 2.042656441e+00 2.480383661e-01 2.741152063e+01 4.980163051e+00
-1.480346733e+00 2.338249226e+00 1.581676079e-01 2.887271698e+01 6.162919969e+00
3.715639259e-01 1.206964287e+00 5.735965177e-02 6.204888562e+00 6.020471398e+00
2.969433322e-01 8.272912033e-01 6.805644102e-01 2.267367504e+01 6.098202219e+00
7.100052288e-01 2.507257409e+00 1.268241900e-02 1.953009030e+01 5.031610786e+00
3.054171182e-01 3.094284575e+00 7.732984409e-01 6.795237865e+00 4.767664488e+00
1.435074610e-01 1.923838807e+00 3.427298563e-01 3.555302962e+01 5.853382005e+00
2.402771412e-01 2.415064653e+00 6.409164343e-01 1.213761618e+01 4.739532608e+00
-2.328309359e-01 2.189869746e+00 4.189689520e-01 1.483067701e+01 4.042627345e+00
1.071774552e+00 1.498519891e+00 1.866470414e-01 2.828674541e+01 5.810391422e+00
-1.351016322e+00 2.270923427e+00 9.168432635e-02 8.408176435e+00 4.012777139e+00
-1.450648671e+00 2.392176754e+00 6.130523557e-01 2.889035692e+01 5.488186605e+00
-1.491131305e+00 2.820381994e+00 3.835551810e-01 3.992277726e+01 5.211321607e+00
-1.078150772e-01 2.417334444e+00 3.310286704e-01 2.320587255e+01 3.359662235e+00
6.599954455e-01 1.773403811e+00 2.606293347e-01 4.985586346e+00 5.327339877e+00
8.530036934e-01 2.503309035e+00 4.533013864e-01 2.116607192e+01 5.305975085e+00
1.885542007e-01 8.233353683e-01 4.869295453e-01 1.162482120e+01 3.359715059e+00
9.993589674e-01 1.694144035e+00 5.951098266e-01 2.786158023e+01 5.276114210e+00
9.899703221e-01 8.123602989e-01 1.628061435e-01 3.399603974e+01 3.140393290e+00
-9.429815967e-01 9.747129992e-01 3.513372547e-01 3.999117896e+01 6.243988256e+00
-8.901452615e-01 1.610908711e+00 3.767457436e-01 1.628649814e-01 3.538661116e+00
1.131057703e+00 2.133653706e+00 4.641858832e-01 1.482433602e+01 4.574570873e+00
1.559327122e+00 2.644511156e+00 2.896629527e-01 1.707577707e+01 6.088730981e+00
-9.415243631e-01 2.500194153e+00 6.837515382e-01 2.082333682e+01 5.578115134e+00
3.249229901e-01 1.562165450e+00 3.349441227e-01 7.176924285e+00 3.634842060e+00
-7.222408162e-01 1.018109145e+00 7.282169865e-01 3.398527344e+01 5.211776808e+00
1.437543361e-01 1.611852265e+00 7.911444470e-02 5.520722380e+00 5.412375538e+00
1.366286720e+00 1.601720470e+00 5.143501897e-01 1.592986602e+01 4.678342088e+00
-8.824872189e-01 2.375799869e+00 6.080142444e-01 2.153116897e+01 4.595163441e+00
-1.411440515e+00 1.166124953e+00 1.330225448e-01 2.574382860e+01 4.907235396e+00
2.511160585e-01 1.629262894e+00 5.541327612e-01 1.105442240e+01 5.568070327e+00
1.047675211e+00 1.248943552e+00 4.075634124e-01 5.739006424e+00 4.148156284e+00
1.176194738e-01 1.127047225e+00 2.044018659e-01 1.431013254e-01 3.429586200e+00
2.340790578e-01 8.078019954e-01 5.187137239e-01 1.699017419e+01 4.872709624e+00
3.821753545e-01 1.588223207e+00 1.313063133e-01 1.362577436e+01 3.930254084e+00
-4.163707059e-02 9.904703750e-01 4.608501215e-01 3.350308643e+01 3.494630689e+00
-1.354680448e+00 2.981436808e+00 1.608171830e-01 1.557742054e+01 4.664406498e+00
-3.424212705e-02 2.045338601e+00 1.508563260e-01 1.679593828e+00 3.812395756e+00
2.999344303e-01 2.597772097e+00 1.296134984e-01 3.664235297e+01 5.376113690e+00
-1.392353277e+00 9.371959648e-01 2.935348507e-02 2.626675956e+01 6.047968978e+00
5.250137573e-01 2.248426237e+00 1.517322241e-01 2.895255437e+01 4.478393729e+00
8.966412771e-01 2.739322352e+00 1.414259437e-01 4.039710413e+00 4.212741673e+00
1.366679321e+00 2.631477944e+00 1.693426115e-01 3.060288404e+01 5.052396716e+00
6.759828331e-01 1.341986713e+00 7.140258929e-01 6.776454900e-02 5.054944024e+00
1.265950406e+00 2.147622377e+00 3.884579449e-01 3.646714785e+00 5.688997210e+00
1.082211035e+00 2.340542546e+00 7.276127322e-01 1.402972919e+01 4.755843737e+00
6.198898262e-01 2.764427518e+00 5.014140281e-01 7.980549841e+00 4.599779540e+00
-5.325665713e-01 1.859005426e+00 5.876319101e-01 2.500424591e+01 5.731592113e+00
-1.389966543e+00 2.834524302e+00 2.552139256e-01 2.302769868e+01 4.180638776e+00
1.492109746e+00 1.162740576e+00 5.794318551e-04 1.345519342e+01 6.130590944e+00
4.037217919e-01 1.483008343e+00 5.354344204e-01 3.151661435e+01 4.614486674e+00
1.413184996e+00 1.222786378e+00 3.809936353e-01 3.854670619e+01 4.591588803e+00
-1.078170263e+00 2.587974508e+00 5.967375022e-01 3.842139789e+01 3.884472998e+00
-8.716149264e-01 2.914386754e+00 5.085189598e-01 1.167714693e+01 3.603901887e+00
2.179337434e-01 1.586396669e+00 2.681531109e-01 2.477098052e+01 3.908188541e+00
-6.796250489e-01 1.833096659e+00 4.716344098e-01 3.821976654e+00 4.012015378e+00
-1.501346170e+00 1.151562739e+00 3.042328510e-02 1.565231339e+01 4.689069944e+00
4.888324052e-01 3.060912951e+00 4.642280426e-01 1.411826764e+01 5.667274829e+00
-9.604327658e-01 1.645360606e+00 7.574970930e-01 7.817436563e+00 3.959467023e+00
1.111380329e+00 2.787859837e+00 3.653804618e-01 3.590512133e+01 5.653546328e+00
-1.244614610e+00 2.526083185e+00 2.658869481e-01 1.011587319e+01 5.345145697e+00
-4.934935741e-01 1.995121526e+00 6.381977543e-01 3.106706795e+01 5.963806848e+00
-5.705993762e-01 9.931979441e-01 3.366469988e-01 1.972840493e+01 5.896576733e+00
-7.321498541e-01 9.572658171e-01 9.832675998e-02 1.081993131e+01 4.814957348e+00
1.895253067e-01 2.686582555e+00 4.621551626e-01 2.604165451e+01 3.730990429e+00
1.145624714e-01 2.682849062e+00 1.528516553e-01 2.903386291e+01 3.792228192e+00
-1.284511181e+00 8.358428211e-01 1.036709404e-01 5.357193463e-01 5.306714245e+00
-3.494434291e-01 3.013085976e+00 4.637014364e-01 2.958748596e+01 4.735962521e+00
-1.233263774e-01 1.770414024e+00 6.901902937e-01 3.279825691e+01 5.935795869e+00
1.148675024e+00 1.361512314e+00 3.558980448e-01 2.951484441e+01 5.263320647e+00
8.822339949e-01 2.543408978e+00 3.528343191e-01 3.940775932e+01 5.239619890e+00
1.018469245e+00 2.321547957e+00 1.878569755e-01 6.200551522e+00 3.588369827e+00
3.683123544e-01 2.770376856e+00 7.629647304e-01 2.436415726e+01 4.978115687e+00
3.526952080e-02 1.756283804e+00 2.857522283e-01 2.578346938e+01 5.110232402e+00
1.396664545e+00 2.252596534e+00 4.402242875e-01 2.264063909e+01 6.087848495e+00
-1.263721066e-02 2.534821244e+00 3.548456997e-01 3.573425031e+01 3.723864916e+00
-8.417918059e-02 2.864350065e+00 6.736348353e-01 7.669859909e+00 5.364598858e+00
2.402924707e-01 2.474839904e+00 6.902124829e-01 2.420670446e+01 5.307067671e+00
-6.175806190e-01 8.454459970e-01 6.845365476e-01 3.463315168e+01 4.688510297e+00
1.202753413e+00 1.940570483e+00 4.621923540e-01 4.910046653e+00 3.362441642e+00
7.185161136e-02 2.904189622e+00 3.777902894e-01 3.824052007e+01 4.740502850e+00
1.594744296e-01 2.134657127e+00 2.525517553e-01 2.485091974e+01 4.861099907e+00
-8.796959639e-01 1.615170449e+00 4.152873362e-01 2.115005450e+01 5.858587292e+00
1.498166496e-01 2.949810965e+00 2.732155305e-01 1.434784448e+01 4.805627742e+00
6.901376821e-02 1.161653693e+00 1.112797909e-01 2.083561870e+01 5.225703930e+00
-8.051007475e-01 2.401549833e+00 5.449282694e-01 3.265018509e+00 3.177729978e+00
-2.269297088e-01 1.047298637e+00 7.308578697e-01 2.242949052e+01 5.882561111e+00
-1.262495268e+00 1.672303113e+00 5.479920917e-01 1.095457827e+00 5.536455293e+00
-8.753471012e-01 2.915397354e+00 6.588947094e-01 1.439232328e+01 4.632807803e+00
1.292075485e+00 9.277048543e-01 7.600142414e-01 3.080936483e+01 4.337556626e+00
1.187465001e+00 1.051685074e+00 2.632986120e-01 1.712087073e+01 5.238910872e+00
1.034970535e+00 1.014029687e+00 2.918396510e-01 3.051620266e+00 5.903265520e+00
6.943091441e-01 3.041926674e+00 5.592083741e-01 1.049008095e+01 4.725746526e+00
-5.532982220e-01 2.669050966e+00 8.671244607e-02 2.435215783e+01 5.603150638e+00
-1.330166511e+00 8.922756305e-01 7.409073697e-01 1.812806585e+01 5.614446083e+00
7.201199464e-01 3.021490673e+00 7.092012580e-01 2.805007787e+00 4.906598197e+00
-1.018249457e+00 2.642513411e+00 1.052659990e-02 2.757683282e+00 6.044544437e+00
6.126592486e-01 1.910650003e+00 2.898175812e-01 3.295531145e+01 5.901625824e+00
8.599138801e-01 2.504961766e+00 4.273788147e-01 2.490115258e+01 6.259088079e+00
-3.798179431e-01 2.502080204e+00 6.375238917e-01 8.944258659e+00 5.385989462e+00
-1.403193863e+00 1.455493026e+00 3.613496367e-01 3.929268231e+01 4.853818641e+00
4.015055401e-01 1.332811840e+00 1.881918339e-01 3.538520495e+01 4.308941550e+00
-2.565069145e-01 2.063274769e+00 6.201489437e-01 9.656298952e-01 4.555024368e+00
-1.376178226e+00 1.990319411e+00 5.731058525e-02 2.560607931e+01 5.797194096e+00
-3.163212891e-01 1.369200578e+00 5.430157488e-01 3.124494389e+01 4.739234312e+00
1.338824538e+00 1.317434955e+00 4.696339147e-01 2.684006268e+01 4.640028319e+00
-9.102953457e-01 1.317193501e+00 1.682061681e-01 2.937527280e+01 4.680913390e+00
1.135315464e+00 1.220276366e+00 3.187986734e-02 7.815888517e+00 5.605345940e+00
-8.684185379e-02 1.853480511e+00 2.086082440e-01 2.304956245e+01 6.090762358e+00
3.775731483e-01 1.145490089e+00 7.224690864e-02 2.406704842e+01 4.249607333e+00
-7.101348417e-01 2.157627888e+00 5.087309973e-01 1.461487367e+01 6.020711702e+00
-4.786949113e-01 1.392516353e+00 3.025677692e-01 3.459771884e+01 5.816865017e+00
-1.372078501e+00 2.585718899e+00 7.789803562e-01 3.039960084e+01 4.380177093e+00
-1.290698221e+00 2.917949035e+00 7.287912493e-01 3.428732836e+01 5.669239312e+00
2.827054285e-02 1.272375778e+00 1.808837361e-01 3.914832298e+01 4.649612043e+00
-7.791624304e-01 1.790435380e+00 6.069680028e-01 1.323191005e+00 3.550743847e+00
8.424645794e-01 2.899447342e+00 5.875703944e-01 7.751841941e+00 5.967227110e+00
-4.767666333e-01 1.739674678e+00 7.875625800e-01 3.262898749e+01 3.833467794e+00
1.150984588e+00 1.070488265e+00 1.287582989e-01 3.640036704e+01 4.324741306e+00
1.008346595e+00 9.539685540e-01 7.491581349e-01 2.848473897e+01 4.476918587e+00
-8.922400623e-01 1.063595431e+00 7.801253688e-01 1.064996432e+01 3.705754097e+00
-1.203873151e+00 2.973297577e+00 4.474116366e-01 2.083854723e+01 3.944144962e+00
-5.569628488e-01 2.767021949e+00 4.996133300e-01 9.377117062e+00 6.130312589e+00
1.852486185e-01 1.379113496e+00 1.146878586e-01 3.137227173e+01 5.384442063e+00
1.096264665e+00 1.977526631e+00 1.354582457e-01 7.743779397e+00 4.766702872e+00
1.504682022e+00 2.768309250e+00 5.638846523e-01 1.825839951e+01 5.748150897e+00
8.966175117e-01 1.816351664e+00 3.648289285e-01 7.897125886e+00 5.916483007e+00
-5.395401883e-01 2.129595302e+00 5.338527983e-01 3.694160817e+01 4.288992925e+00
1.500099128e+00 2.831526114e+00 7.926332345e-02 4.965197355e+00 4.722920543e+00
1.256263089e+00 2.582672405e+00 7.323899979e-01 1.543007828e+01 4.471074768e+00
5.267441908e-02 2.125263500e+00 3.591858897e-01 2.020394145e+01 6.267809871e+00
-3.420114853e-01 2.629295838e+00 6.395840754e-02 1.039916018e+01 4.559953792e+00
-3.929530011e-01 1.526278250e+00 4.124156248e-01 3.421455621e+01 3.999378622e+00
1.521044281e+00 2.481088954e+00 7.584258380e-01 1.749426799e+01 5.083196633e+00
-3.400188673e-01 2.245918338e+00 6.055977319e-01 3.075295812e+01 4.181777855e+00
4.517193421e-01 2.832677587e+00 2.664969539e-01 1.346157398e+00 3.912667504e+00
-1.191456108e+00 1.779300907e+00 3.232831043e-01 9.641310799e+00 4.324978611e+00
-1.214881947e+00 2.078948807e+00 1.820297540e-01 2.187112413e+01 4.348211028e+00
7.131145148e-01 1.117240228e+00 1.338363273e-01 1.986613981e+01 6.108142266e+00
1.167693841e+00 1.714844549e+00 3.470842926e-01 3.694406348e+01 5.818362161e+00
1.911178602e-01 1.776187034e+00 2.616046746e-01 1.495456143e+01 4.295183271e+00
1.099132548e+00 9.648954006e-01 4.882321079e-01 2.109103650e+01 6.110493746e+00
-1.555637075e+00 1.911757910e+00 2.024319597e-01 2.107685700e+01 5.818612616e+00
-3.869367204e-01 2.055195494e+00 7.035575775e-02 3.442755944e+01 3.297879446e+00
-1.481657381e+00 1.512776471e+00 3.624147034e-01 1.465929276e+01 6.021134363e+00
-3.459905717e-01 1.502737769e+00 6.675577767e-02 2.613144670e+01 3.646523485e+00
-5.917065895e-01 2.157050943e+00 6.027569630e-01 1.347769289e+01 5.846697947e+00
-4.363105033e-01 1.374399393e+00 2.102430658e-01 3.965258732e+01 3.457232218e+00
-1.089431064e+00 2.853859622e+00 1.908005191e-01 2.725798418e+01 6.126627441e+00
7.764192758e-01 1.385346921e+00 7.381908581e-01 2.722086003e+01 5.075891782e+00
1.555573092e+00 2.371244657e+00 3.598044213e-01 1.817820076e+01 3.246057102e+00
-1.555940856e+00 2.240391664e+00 2.105942999e-01 1.309510326e+01 5.574121609e+00
4.515608545e-01 3.075790601e+00 4.280180413e-01 6.061461637e+00 5.892384335e+00
-5.332398532e-01 2.361647122e+00 6.137996851e-01 2.381167272e+01 6.223981662e+00
1.337600018e-01 1.097367945e+00 7.761260301e-01 9.916286749e-01 5.618870985e+00
-2.402077557e-01 2.657141689e+00 4.698551826e-01 4.461266639e+00 5.302923634e+00
1.474018564e+00 2.915698401e+00 1.152116693e-02 2.453298173e+01 5.856058330e+00
-9.464680787e-01 1.512812205e+00 9.998887078e-02 7.097842948e+00 4.749824359e+00
3.264222802e-01 1.431211958e+00 7.934734131e-01 1.844955004e+01 4.384397585e+00
7.071317095e-01 1.040684951e+00 1.000709254e-01 2.046887444e+01 3.831209113e+00
-1.159755448e+00 3.047479149e+00 3.064598547e-01 2.588032924e+01 4.030495260e+00
5.677512273e-01 2.035885025e+00 2.053266659e-01 3.299513414e+01 5.406571463e+00
1.025934304e+00 2.117541158e+00 2.694004418e-01 1.500008407e+01 3.171058111e+00
-1.811631051e-01 2.219285444e+00 5.375196155e-01 3.770652563e+01 3.752975708e+00
-1.272290933e+00 1.363322059e+00 4.660688727e-01 7.121378626e+00 4.131200802e+00
-1.171560100e+00 1.293512184e+00 4.986877459e-01 3.082813099e+01 3.342566723e+00
-7.845324932e-02 1.572225236e+00 3.834856685e-01 9.373751918e+00 5.915659660e+00
7.223317314e-01 1.349637931e+00 1.579867707e-02 2.308880677e+01 5.083860929e+00
3.901481550e-01 1.882876953e+00 6.360859609e-01 2.850806660e+01 4.610603766e+00
-1.242319556e+00 1.250780774e+00 5.074701322e-01 2.635975988e+01 5.969283995e+00
-5.230852197e-01 1.479555127e+00 7.757779730e-01 3.466321316e+01 5.066234841e+00
-6.727505490e-01 2.857415606e+00 3.525672818e-04 2.826207522e+01 5.879725735e+00
-4.826095551e-01 1.102064425e+00 1.715069155e-01 1.991588220e+01 4.624680719e+00
-1.205171887e+00 1.770087458e+00 3.095461597e-01 2.423363402e+01 4.109948284e+00
9.051960179e-04 3.055254585e+00 2.103084663e-02 2.279701675e+01 5.080485600e+00
-4.797410306e-01 2.989065800e+00 1.627234657e-01 1.928285296e+01 4.082230357e+00
7.030246896e-01 8.606813362e-01 5.269138973e-01 3.944692889e+00 4.923806294e+00
-1.301022546e+00 1.403996784e+00 5.440921354e-01 1.549430221e+01 4.276336151e+00
-9.467691098e-01 2.440270136e+00 2.005431318e-01 1.569839518e+01 5.284368288e+00
-1.425157048e+00 2.744865140e+00 2.910102838e-01 2.682036609e+01 5.287013928e+00
-4.260163175e-01 2.305230669e+00 4.245355509e-01 6.426447239e+00 4.793293894e+00
9.109879403e-01 1.644085188e+00 7.721210428e-01 3.234891796e+01 6.273373919e+00
-1.176536045e+00 1.740472496e+00 3.725127442e-01 3.779000627e+01 4.752583862e+00
-2.484644781e-01 1.967663767e+00 1.593116906e-01 2.454023951e+01 3.167793371e+00
5.682625737e-01 1.659276181e+00 7.204657303e-01 3.723537418e+01 4.329977546e+00
-1.117847506e+00 1.379070453e+00 3.227966542e-02 1.933568974e+01 4.238731066e+00
-1.514088675e+00 1.497165527e+00 2.543266379e-01 2.375558917e+01 5.989969023e+00
-1.511148329e+00 2.468333741e+00 4.637547145e-01 2.420106563e+01 5.557738163e+00
2.307474150e-01 1.378083491e+00 7.647766815e-01 1.248126443e+01 4.780070753e+00
-6.631029193e-01 8.778388912e-01 2.430343521e-01 3.386898222e+00 5.315535587e+00
5.414538658e-01 2.560400089e+00 7.609625780e-01 2.665417663e+01 4.532135293e+00
-9.151963501e-01 2.454890585e+00 3.449420400e-01 1.374107410e+01 3.218589279e+00
3.242962648e-02 2.291546441e+00 6.142768672e-01 8.897400467e+00 3.420319093e+00
1.233867057e+00 3.024658936e+00 4.817603403e-01 2.077642909e+01 5.239436592e+00
2.948491612e-01 1.590667455e+00 8.805978022e-02 2.754168606e+01 4.019781169e+00
4.183668251e-01 1.537833955e+00 5.679252719e-01 1.188580730e+01 4.564142024e+00
1.429580643e+00 8.435679331e-01 2.128270737e-01 2.139590715e+01 5.269754214e+00
-4.894130611e-01 2.904675524e+00 7.586351249e-01 2.129400085e+01 4.265612268e+00
-1.605732397e-01 1.216583804e+00 3.735624263e-01 1.134136273e+00 5.950787378e+00
4.538368209e-01 1.989915808e+00 2.393190434e-01 8.439094571e+00 3.867240758e+00
-1.184712894e-01 1.435568725e+00 3.914814582e-01 8.211739404e+00 4.802511521e+00
2.827611865e-01 2.086954202e+00 2.465184032e-01 8.661193198e+00 4.647979566e+00
-1.554898199e+00 2.023406769e+00 3.987182683e-01 4.265903338e+00 3.405999624e+00
1.340210514e-01 2.848625642e+00 3.758780167e-01 2.946370232e+01 5.828483303e+00
-7.647618953e-01 2.044403189e+00 3.265587373e-01 1.241403246e+01 4.442606952e+00
-4.071741727e-01 2.471778761e+00 6.845479467e-01 3.775252018e+00 4.771343368e+00
9.055964950e-01 2.190895724e+00 1.965190988e-01 3.215443349e+01 4.904170406e+00
-5.397423909e-01 3.062240278e+00 6.352225037e-01 9.772220264e+00 5.490670869e+00
1.153488496e+00 1.749452614e+00 1.991461566e-01 3.977180983e+00 6.188096376e+00
5.663268918e-01 1.371460726e+00 4.411862842e-01 2.459728735e+01 6.127044221e+00
7.921885352e-01 2.912273836e+00 3.593757664e-01 1.262416725e+01 3.501799014e+00
3.674864410e-01 2.260172587e+00 3.470321284e-03 2.384026924e+01 5.167958939e+00
1.492444412e+00 2.084116148e+00 1.556450679e-01 1.170173626e+01 5.905132110e+00
1.287352981e+00 2.129685356e+00 2.978089575e-02 3.089230453e+01 4.842373055e+00
1.224030553e+00 1.056053630e+00 6.602635320e-01 3.402639467e+01 6.069720724e+00
8.139982436e-01 2.403795388e+00 1.651117449e-01 2.322672602e+00 6.116628788e+00
-1.434682605e+00 2.341663373e+00 6.971695721e-01 1.280221777e+01 3.382516644e+00
-1.455754980e+00 2.250462664e+00 6.120860826e-01 2.208522202e+01 6.043930900e+00
9.679462017e-01 1.967532292e+00 6.422485798e-01 2.024130765e+01 5.733933441e+00
1.502168005e+00 8.201345858e-01 5.353434594e-01 3.077854783e+01 4.875715508e+00
4.989669457e-01 1.367278735e+00 4.924447088e-01 1.804267814e+01 5.217717192e+00
-3.491184064e-01 2.719621222e+00 1.909049103e-01 2.713870145e+01 5.511051409e+00
4.308911696e-01 2.244959620e+00 7.595887636e-02 1.853187856e+00 4.918891174e+00
-9.729315711e-01 2.243798151e+00 6.923777526e-01 2.631057792e+01 4.177437862e+00
-2.814781520e-01 1.339095998e+00 5.023186303e-01 1.664009348e+01 3.714395908e+00
-4.043855055e-01 2.664053070e+00 7.980542134e-01 2.428321689e+01 5.337108186e+00
-6.740690245e-01 1.208293645e+00 1.414209614e-01 1.618434439e+01 4.637710159e+00
-1.049418890e+00 1.037301889e+00 3.332883343e-01 3.553830071e+01 6.107680781e+00
1.375583030e+00 2.289979611e+00 5.633529982e-01 1.259401354e+01 3.325627123e+00
1.543982877e+00 7.875175546e-01 1.676964171e-01 2.735308907e+01 6.163037354e+00
1.912982566e-01 7.871245729e-01 2.529057128e-03 3.980143676e+01 5.106945425e+00
1.834099596e-01 1.923341346e+00 7.543588577e-01 2.328187595e+01 3.896636957e+00
1.451831383e+00 2.404346895e+00 8.849251590e-02 1.776765651e+01 5.747307759e+00
5.646657569e-01 2.557846028e+00 2.389987404e-01 4.753911094e+00 3.572933049e+00
-1.415576997e+00 3.062915399e+00 6.824413628e-01 3.292031518e+01 4.879930052e+00
-6.669496842e-01 2.136353460e+00 4.748516369e-01 6.677276390e+00 4.411763303e+00
-3.035442174e-01 2.134209313e+00 5.494510674e-01 4.668458953e+00 4.465425831e+00
-3.370163162e-01 2.692326027e+00 6.504443045e-01 3.003788601e+01 4.762970254e+00
-8.807400300e-01 1.533743370e+00 1.079270682e-01 2.451425522e+01 4.528728205e+00
-3.366958431e-01 1.160049799e+00 3.543841094e-01 6.026815094e+00 4.689630032e+00
6.661597972e-01 2.540900630e+00 2.889061758e-01 1.264480445e+01 5.654950329e+00
9.180964015e-01 2.922831190e+00 1.442004800e-01 1.395625389e+01 4.660740620e+00
1.162089900e+00 1.811568027e+00 4.722860245e-01 2.018813382e+01 5.128457691e+00
-9.949937151e-01 2.950563320e+00 5.753659946e-02 1.863153250e+01 4.485588288e+00
-2.190165088e-01 1.317868638e+00 5.392564501e-02 5.179877931e+00 3.630427477e+00
-1.098847565e+00 1.623626868e+00 4.370916608e-01 3.877842961e+01 3.626177215e+00
-7.045791608e-01 2.748474431e+00 7.102272289e-01 3.338539726e+01 3.602493965e+00
-1.382477859e+00 2.989171821e+00 6.789886900e-02 2.603136734e+01 4.828975225e+00
4.172727185e-01 2.263205809e+00 5.287766134e-01 3.857875478e+01 4.888427658e+00
-6.497383208e-01 3.016430144e+00 2.481537668e-01 4.012884652e+00 5.687455805e+00
1.258270435e+00 1.634729038e+00 1.463097605e-01 3.829824138e+01 4.756139079e+00
-6.606575921e-01 1.448952005e+00 3.748917373e-01 2.505056438e+01 5.780615399e+00
-1.306579252e+00 2.008370689e+00 6.113921611e-01 2.162441138e+01 4.519947455e+00
-1.593283234e-01 2.894150643e+00 4.876673499e-01 2.861876898e+00 4.958855553e+00
-9.099017777e-01 1.044230820e+00 3.076242226e-01 2.789766506e+00 3.555011585e+00
3.750736537e-01 1.659892464e+00 2.324723881e-01 2.431829660e+01 5.311751368e+00
1.170262902e-01 2.541016393e+00 4.589861195e-02 2.638568929e+01 4.298171319e+00
1.336702328e+00 2.235527058e+00 1.270718771e-01 2.278566003e+01 5.506170250e+00
-5.545885872e-01 1.293770493e+00 6.047497493e-01 3.698705048e+01 4.154025912e+00
7.778592422e-01 1.324899077e+00 2.660970983e-02 3.592139243e+01 3.273735381e+00
9.344585836e-01 8.109436380e-01 7.968731042e-01 3.801846357e+01 4.885395579e+00
-1.410229734e+00 2.107793450e+00 4.262474922e-01 7.922759624e+00 4.469990143e+00
-7.538640113e-01 3.069118462e+00 1.538070058e-01 6.782317420e+00 3.226621122e+00
7.619531429e-01 1.073500826e+00 4.013561400e-01 1.151765441e+01 6.166121969e+00
4.467942905e-01 2.606236035e+00 3.832684398e-01 2.283616666e+01 3.974975841e+00
5.381373902e-01 1.415893369e+00 6.390989464e-01 6.743186510e-02 5.422650872e+00
-2.417724306e-01 2.322501422e+00 3.794181627e-01 1.352556407e+01 3.166853596e+00
-1.416798191e+00 3.093064112e+00 3.565394248e-01 3.194555590e+00 5.392425435e+00
-8.550489017e-01 2.385459444e+00 6.370514020e-01 2.040977939e+01 4.904523491e+00
-7.796494176e-02 1.651175204e+00 2.769840379e-01 3.199835237e+01 5.619019429e+00
-2.974201729e-01 1.338573729e+00 3.300867911e-01 8.127709157e+00 4.464034503e+00
1.098394364e+00 2.301980978e+00 1.459113896e-01 3.801805873e+01 5.974827838e+00
1.109835795e+00 3.041951127e+00 3.369596807e-01 2.152893518e+01 5.965435039e+00
1.422384821e+00 2.587523525e+00 1.767618849e-01 8.378658357e+00 3.204214039e+00
1.535238872e+00 3.053781269e+00 7.890444519e-01 5.124975981e+00 4.456342274e+00
1.215570914e+00 2.428763508e+00 7.200437446e-01 3.552818993e+01 4.216416237e+00
4.436314283e-01 3.089804003e+00 3.304392224e-01 3.434802020e+01 6.194734931e+00
-8.903547380e-02 2.937852055e+00 7.045226294e-01 8.265331544e+00 3.684262091e+00
-9.698148088e-01 8.252284018e-01 5.087196472e-01 1.051055107e+01 5.321942739e+00
-1.324813062e+00 2.671637198e+00 6.063199773e-02 3.819092929e+01 3.330239988e+00
2.314579955e-01 8.669213931e-01 3.891763415e-01 2.535633264e+01 4.694061300e+00
5.304021915e-01 2.388906790e+00 2.500601875e-01 3.467147279e+01 4.944772146e+00
3.672314224e-01 2.571448618e+00 1.182055604e-01 2.870746781e+01 4.406580185e+00
-1.303524133e+00 2.077365166e+00 3.399785128e-01 2.459186407e+01 4.855563987e+00
1.000843993e+00 1.979948677e+00 1.475450332e-01 3.705410765e+01 6.123881842e+00
-1.460114366e+00 1.067261736e+00 5.291823859e-02 2.917814143e+01 3.519770992e+00
1.896184182e-01 1.447977648e+00 6.336026031e-01 8.866455522e-01 3.858429033e+00
-1.235678200e+00 1.243045302e+00 2.592516526e-01 3.885075774e+01 5.725829582e+00
1.567284391e+00 1.657456322e+00 4.817278267e-01 1.365829671e+01 5.541623534e+00
3.913446911e-01 1.001495330e+00 2.410993809e-01 1.571809906e+01 3.693927903e+00
-6.345930208e-01 1.767912255e+00 6.544731821e-02 6.313717484e+00 5.140098564e+00
1.174986236e+00 8.961033405e-01 7.934321771e-01 3.193697321e+01 3.600254098e+00
5.642954801e-01 8.347486899e-01 5.558108155e-01 1.691290094e+01 3.785634827e+00
-7.670535928e-01 3.119260099e+00 5.999267963e-01 3.665268528e+01 5.597307901e+00
1.205087283e+00 1.413694020e+00 2.010549612e-01 1.314629817e+01 4.472288466e+00
1.500198430e+00 1.085516676e+00 4.637582551e-01 7.407462724e+00 4.623749058e+00
1.146817050e-01 1.787871829e+00 4.913690298e-01 3.629911426e+01 3.548404099e+00
3.939623633e-01 1.249419714e+00 5.819016246e-01 1.375803942e+01 5.206113921e+00
-2.084589655e-01 3.011815398e+00 5.313412636e-01 2.702902910e+01 4.737998138e+00
-1.288278584e+00 1.567940658e+00 3.182599879e-01 3.865404297e+01 5.231444257e+00
1.159536350e+00 2.391111606e+00 4.377535547e-01 1.829028222e+01 3.308785611e+00
-1.126678608e+00 1.566360402e+00 5.750336340e-01 1.610577889e+01 3.256146273e+00
5.140652637e-01 2.003301804e+00 3.498449904e-01 5.010439102e+00 4.366964800e+00
-1.392988639e-01 9.241880202e-01 7.837533305e-01 3.685282974e+01 4.253839306e+00
-7.441070809e-01 8.562398423e-01 3.088132725e-01 3.642783393e+01 5.233551825e+00
7.433547301e-01 2.296801660e+00 4.534816764e-01 1.215399364e+01 4.577693508e+00
1.031884945e+00 1.821296696e+00 3.002779676e-01 2.580375137e+01 5.170060824e+00
9.994986237e-01 3.118078051e+00 1.056185458e-01 1.041770602e+01 3.854458367e+00
-9.469425637e-01 1.257211800e+00 2.327464919e-01 3.891220633e+01 5.684853236e+00
1.810283280e-01 2.861717800e+00 3.235877023e-01 3.106794260e+01 3.248933208e+00
-1.046034128e+00 9.907471401e-01 6.294657207e-01 1.204091420e+01 3.438736862e+00
7.836227991e-01 2.535121421e+00 7.480570378e-01 3.524439022e+01 5.776207276e+00
-7.302633050e-01 1.681153616e+00 4.584450002e-01 1.603067412e+01 4.021913834e+00
1.175153386e+00 2.481385856e+00 5.578627402e-01 1.934831209e+00 6.249998791e+00
-1.546578306e+00 1.319555770e+00 7.738936623e-01 5.473608716e+00 4.094582472e+00
-1.173773243e+00 1.352302979e+00 2.274597398e-01 4.779930387e+00 4.591611721e+00
-1.250685831e+00 2.932828994e+00 4.124766369e-01 1.086924060e+01 4.290448157e+00
-7.589966061e-01 1.144556094e+00 4.913678125e-01 2.976441738e+01 4.777382703e+00
2.613360092e-01 2.803991565e+00 3.829480027e-01 1.046147131e+01 5.306827799e+00
1.059060799e+00 2.346446448e+00 5.683638420e-01 1.222597030e+01 3.661076391e+00
4.319929629e-01 1.968300324e+00 4.894178251e-01 2.313997597e+01 4.515697794e+00
5.983269506e-01 3.083237273e+00 5.623878427e-01 3.002852175e+01 5.975891759e+00
-1.231600605e+00 2.295881004e+00 1.803803664e-01 2.085976686e+01 3.875408585e+00
-9.117000465e-01 8.323400701e-01 5.749148624e-01 3.906990940e+01 5.259281730e+00
9.885711193e-01 2.238521354e+00 7.446853536e-01 1.176427231e+00 5.302231798e+00
5.988386818e-01 3.027822411e+00 2.321518500e-02 1.843879048e+01 3.730507953e+00
1.394111070e+00 2.327291505e+00 5.643728265e-02 1.695126975e+01 5.446900742e+00
-1.071781064e+00 1.713928231e+00 5.982617341e-01 1.607340094e+01 5.436705762e+00
-1.154700602e+00 1.169500156e+00 7.770146945e-02 1.630571110e+01 4.614661667e+00
-7.465854396e-01 1.231438126e+00 1.052243847e-01 7.881923454e+00 5.939338065e+00
9.234476320e-01 1.156800865e+00 2.400811232e-01 3.447884986e+01 5.097535066e+00
2.504894705e-02 2.573402969e+00 2.702922899e-01 3.510301054e+01 4.666946832e+00
3.648964709e-01 2.708796290e+00 3.888500008e-01 1.325184471e+01 3.610082594e+00
-1.022833146e+00 2.802044792e+00 7.633215252e-01 3.234063429e+01 5.274475892e+00
3.311265812e-01 8.817676449e-01 6.497262642e-01 1.754713856e+01 3.811307293e+00
1.750399937e-01 1.068336130e+00 5.364852921e-01 2.527148819e+01 6.114243135e+00
5.500220144e-01 1.638570993e+00 7.248334172e-01 2.845660407e+01 4.146290093e+00
-1.832999073e-01 2.464971622e+00 2.491066270e-01 3.069444010e+01 5.452577876e+00
4.449730087e-01 1.735634538e+00 4.635780448e-01 1.274003051e+01 4.730274160e+00
-2.367320923e-01 1.687701483e+00 2.933053226e-01 1.013191158e+01 5.024481144e+00
1.851007971e-01 1.413104001e+00 2.056212225e-01 2.708145601e+01 5.994469065e+00
-7.824003089e-01 2.444112976e+00 3.708815879e-01 2.903995729e+01 4.899954506e+00
-1.434929557e+00 1.259623656e+00 1.119942123e-01 1.182108531e+01 6.182495216e+00
-1.002725195e+00 2.421384812e+00 7.319598401e-01 1.451439893e+01 5.822632837e+00
-9.582964680e-01 2.763716620e+00 5.573894572e-01 2.922710005e+01 3.270426717e+00
-1.335856141e+00 2.186582385e+00 3.561336819e-02 7.575107927e+00 5.085031356e+00
1.297916253e+00 2.492400240e+00 2.381882779e-01 3.837770572e+01 6.226269073e+00
-1.127972952e+00 2.743375869e+00 3.214226166e-01 2.311018041e+01 3.540669072e+00
1.189278882e+00 3.038155039e+00 7.162737219e-01 2.254940227e+01 4.277362564e+00
1.399921869e+00 2.837054427e+00 6.983935989e-01 2.525478578e+01 3.470313766e+00
1.213433211e+00 1.376970163e+00 6.644060231e-01 1.903254181e+01 4.961305181e+00
1.540659864e+00 2.318389780e+00 8.636599440e-02 1.457873365e+01 3.149173545e+00
1.145020967e+00 8.527749638e-01 6.355562443e-01 2.988794745e+01 5.865752052e+00
6.479811624e-01 1.785615612e+00 9.294812075e-02 3.082422432e+01 3.630167608e+00
9.924418742e-01 2.848758930e+00 1.360047820e-01 8.678678297e+00 3.150749369e+00
-4.107830451e-01 1.946877502e+00 7.434976125e-01 6.754103178e+00 5.760985985e+00
-6.294161464e-01 2.188247975e+00 7.799019056e-01 3.125046518e+01 5.142914303e+00
1.139868443e+00 1.570459220e+00 2.425094314e-01 2.749925836e+01 4.789413151e+00
2.961890170e-01 2.082382481e+00 5.188680598e-01 3.253080585e+01 3.211035820e+00
-1.347925015e+00 2.781444217e+00 5.612469534e-01 3.657196773e+01 6.068498036e+00
1.126135857e-02 2.799313372e+00 3.350496551e-01 7.555959877e+00 5.437601439e+00
-1.141959458e-01 1.252908263e+00 6.552918228e-02 1.889451388e+01 3.153800985e+00
1.507956361e+00 2.241335303e+00 6.092541981e-01 1.561964495e+01 3.688168590e+00
1.868838034e-01 1.422932983e+00 8.252851774e-02 1.378249688e+01 5.744685243e+00
1.293168372e+00 3.072771016e+00 5.301787501e-01 3.792446673e+01 3.944870798e+00
-1.408679003e+00 9.629613120e-01 4.815520377e-01 2.848662980e+01 3.428855572e+00
-6.728888430e-01 2.078763341e+00 4.994985357e-01 2.841407538e+01 5.051032686e+00
4.498362615e-01 2.760880128e+00 1.545934646e-02 1.181814610e+01 5.675815993e+00
3.394316739e-01 2.449709895e+00 5.345007352e-01 1.552091031e+01 3.554839740e+00
5.600203914e-01 1.787003009e+00 1.934090824e-02 3.888745847e+00 3.791123315e+00
-1.080912513e+00 2.245856070e+00 3.706493085e-01 3.363443471e+01 3.190979032e+00
-5.070254412e-01 2.239311018e+00 3.136094467e-01 1.386167528e+01 5.662795458e+00
8.623857992e-01 2.939971370e+00 7.378703244e-01 9.652476319e+00 3.843900849e+00
-1.356701311e+00 1.504426635e+00 5.160750618e-01 3.820656236e+01 5.004601674e+00
-7.914538406e-01 1.241404227e+00 4.846221085e-01 2.823702319e+01 6.106177816e+00
-1.754240390e-02 9.152861600e-01 4.316833236e-01 6.092657419e+00 5.310949861e+00
-1.180288137e+00 1.108455527e+00 5.589739157e-01 2.861767248e+01 4.280551591e+00
-1.141838233e+00 2.718876339e+00 6.136191267e-01 4.992569625e+00 5.670594173e+00
3.801688679e-01 3.028248489e+00 1.331831974e-02 4.227309927e+00 5.411742483e+00
2.470742450e-02 2.156472163e+00 5.130609817e-01 2.759720922e+01 6.238875588e+00
-6.176916651e-01 2.225344215e+00 3.204813139e-01 8.315142904e+00 4.514146086e+00
6.494970585e-01 2.385113633e+00 1.779801528e-01 3.520334452e+01 5.615606566e+00
-2.566763837e-01 1.044907899e+00 3.742300546e-01 2.640980428e+01 5.625633464e+00
-1.131985659e+00 1.743141124e+00 7.070391839e-01 3.374060950e+01 5.593240923e+00
3.966112437e-02 1.156015528e+00 1.342994928e-01 3.576465307e+01 4.546943442e+00
-1.223994104e+00 8.744128673e-01 2.108636518e-02 2.013237264e+01 4.349034819e+00
1.545455218e+00 2.524775873e+00 7.031054971e-01 1.634456179e+01 5.117965548e+00
4.175953038e-01 1.284560480e+00 6.797125995e-02 3.869964304e+01 3.158823976e+00
-1.073458482e+00 1.090723632e+00 5.081443489e-01 8.589441158e+00 5.768773268e+00
2.394524992e-01 1.462922790e+00 1.673475158e-01 3.191489703e+00 4.569654092e+00
-4.326266208e-01 1.659159789e+00 5.779841777e-01 2.097436915e+01 4.805707332e+00
7.830954328e-01 2.328759632e+00 3.091557466e-01 3.870181898e+01 4.849758652e+00
1.286061833e+00 2.133181958e+00 2.546319952e-01 5.804941164e+00 4.557288868e+00
2.076299532e-01 2.508536816e+00 4.332577883e-01 2.444691292e+01 3.317515377e+00
-2.862826092e-01 2.349048325e+00 3.809419963e-01 1.099085651e+01 4.894090512e+00
-1.162307172e+00 1.983393457e+00 6.405940099e-01 2.410507629e+01 3.550435371e+00
-7.004124978e-01 2.611504071e+00 5.492826416e-01 1.149111200e+01 4.316961902e+00
1.944746328e-02 2.160307061e+00 4.015445519e-01 1.292352886e+00 5.614836325e+00
-6.667431083e-01 2.269751270e+00 4.328908571e-01 2.747047798e+01 5.873741118e+00
-7.259995456e-01 1.983722443e+00 2.968029061e-01 5.378535263e+00 3.744812462e+00
-3.277245597e-01 2.769018989e+00 1.566290968e-01 3.862491391e+01 6.129352981e+00
-9.338206479e-01 1.455322751e+00 1.719060621e-01 2.827720244e+00 5.273612422e+00
-3.620492355e-01 8.482963407e-01 4.432357204e-01 1.027231889e+01 4.234507977e+00
5.721079843e-01 1.371723747e+00 4.056978750e-01 2.022146559e+01 3.259304933e+00
7.763592924e-01 2.282155490e+00 5.668885243e-02 4.404274377e+00 3.540848078e+00
-1.481735297e+00 1.070545636e+00 4.091573972e-01 1.734892710e+01 3.959888049e+00
8.914980629e-01 9.347507669e-01 5.662207562e-02 3.707968759e+01 3.532493689e+00
9.557339984e-01 3.097147710e+00 6.792048148e-01 4.846115313e+00 5.452000679e+00
3.431160914e-01 1.337214432e+00 3.474953813e-02 3.236179365e+00 3.204274939e+00
-3.294853983e-01 1.041664874e+00 5.125799968e-01 5.850828366e+00 3.459283838e+00
1.194270068e+00 1.139446287e+00 6.393401828e-02 1.602708508e+01 4.558158956e+00
-1.202743823e+00 8.623434090e-01 5.102432506e-02 1.812020293e+01 5.991071371e+00
9.152024917e-01 1.592988575e+00 3.497138841e-01 2.858983615e+01 4.179975807e+00
8.023690737e-01 3.035724156e+00 7.400439960e-01 1.885919152e+01 4.523267545e+00
1.051676680e+00 1.596041328e+00 2.458322393e-02 5.556226286e+00 5.508754591e+00
7.755201260e-01 1.165722231e+00 4.162785602e-01 2.232742676e+01 3.913880279e+00
-1.218669696e+00 1.950373602e+00 5.329977452e-01 6.940088233e+00 5.130606715e+00
-1.491531454e+00 1.538685107e+00 7.244642820e-02 3.806884977e+01 4.470877064e+00
7.631896306e-01 2.624177623e+00 7.006337019e-01 3.768447509e+01 6.094938808e+00
6.140352279e-01 1.811608088e+00 6.675844115e-02 6.402189200e+00 4.046453339e+00
1.164870424e-01 1.851470358e+00 2.552561412e-01 2.837572810e+01 5.522805286e+00
-1.169923914e+00 2.232806126e+00 2.804897449e-01 2.656473955e+01 5.969555161e+00
-9.718086811e-01 2.962510572e+00 4.129558449e-02 3.342206393e+01 4.318039446e+00
6.367618705e-02 2.744301122e+00 3.393650003e-03 2.266527637e+00 3.820538081e+00
6.090484921e-01 1.158950624e+00 3.213321236e-01 3.739423182e+01 5.246358584e+00
1.466721305e+00 2.696887687e+00 1.108578100e-01 2.587240200e+01 4.644210333e+00
3.798293891e-01 8.842679219e-01 3.909272599e-02 1.047765498e+01 3.433694619e+00
1.197206047e+00 2.620006853e+00 2.312837334e-01 1.509564424e+01 5.084223897e+00
1.001058114e+00 2.784092654e+00 6.774998690e-01 3.814984388e+01 4.982134693e+00
-1.344096393e+00 2.453503108e+00 7.401659068e-01 3.614468454e+01 4.958773172e+00
7.823544227e-01 1.493666529e+00 1.444420355e-02 8.043609807e+00 5.404305636e+00
1.309333632e+00 3.104995915e+00 4.223986262e-01 1.851632950e+01 3.221357524e+00
1.217910809e+00 2.077708592e+00 2.901675314e-01 3.559797452e+01 3.768370262e+00
5.091517839e-01 2.865869424e+00 4.793012489e-01 1.024415608e+01 3.701912206e+00
1.765287578e-01 1.469734860e+00 4.899316422e-01 7.138607858e+00 3.752729217e+00
8.394428512e-02 1.737056809e+00 3.165336601e-01 1.206711947e+01 3.535072598e+00
2.933785237e-01 2.079660081e+00 7.894020760e-01 3.549502694e+01 5.693278241e+00
-4.926600894e-01 3.033819878e+00 4.027267801e-02 3.914421235e+01 5.202361198e+00
6.365564569e-01 8.718947488e-01 4.008761764e-01 1.696768969e+01 3.367669656e+00
8.317701191e-01 2.733965708e+00 6.382514010e-01 2.408387941e+01 3.323759591e+00
-7.212820058e-01 2.909912988e+00 6.678016436e-01 1.656546172e+00 5.625258849e+00
-5.933583943e-01 1.880378648e+00 6.577864876e-01 3.058334151e+01 6.139437980e+00
-5.614991808e-01 2.463221426e+00 5.591605338e-01 2.166925332e+01 5.370559088e+00
6.626489441e-01 2.878544577e+00 3.841973024e-01 3.941567506e+00 3.416876812e+00
4.160994830e-01 1.891571964e+00 8.215693744e-02 9.710055499e+00 4.039315175e+00
1.282428275e-01 1.324860262e+00 2.638031497e-02 2.619307094e+01 6.043061882e+00
9.753749540e-01 1.136552080e+00 3.013805191e-01 3.782133702e+01 3.716411870e+00
-1.425173611e+00 1.058921906e+00 6.027252196e-01 1.831842578e+01 4.880497297e+00
-5.887030096e-01 8.562787624e-01 4.535582893e-01 3.374024708e+01 5.552646698e+00
1.535236701e+00 2.071993217e+00 6.968596181e-02 3.808263195e+01 3.669298723e+00
-1.113376095e+00 1.361356935e+00 2.470748584e-01 6.237332236e+00 4.620928335e+00
1.255428799e+00 9.680913356e-01 3.516479922e-01 1.673463642e+01 3.592183605e+00
6.472174841e-01 2.297126241e+00 4.224515665e-01 1.457795817e+01 4.120043515e+00
-3.200743857e-01 2.303484781e+00 2.815812133e-01 9.091254962e+00 5.648181313e+00
-1.148776988e-01 2.269523160e+00 2.083152286e-01 1.672682035e+01 3.703590219e+00
2.089161770e-01 1.844773522e+00 2.489960134e-01 3.727703248e+01 3.430305066e+00
9.852749469e-01 3.077715040e+00 6.508864155e-01 4.946256765e+00 3.657213059e+00
-2.878637613e-01 1.859948190e+00 5.011312202e-01 3.170630320e+01 5.707639530e+00
-1.337340946e+00 2.387419438e+00 4.849550872e-01 2.381736194e+01 5.992356578e+00
1.231426999e+00 2.670940187e+00 7.342361939e-01 3.509485330e+01 4.938702945e+00
-1.423950609e+00 3.082229549e+00 1.220058232e-01 1.503785561e+01 5.421172863e+00
8.572848920e-01 2.361900849e+00 2.058718223e-01 3.533105049e+01 5.062901238e+00
1.093938543e+00 2.089999661e+00 6.785793864e-01 3.335909828e+01 5.555666800e+00
7.903931000e-01 2.540539957e+00 3.804834060e-01 2.992832957e+01 3.152528962e+00
-6.811056189e-01 9.382842145e-01 5.425097713e-01 3.151127935e+01 5.693261905e+00
-1.549722672e+00 8.445203143e-01 7.817711567e-01 2.634190446e+01 5.729220016e+00
8.684778121e-02 2.210279252e+00 3.296027311e-01 3.777195895e+01 5.222193293e+00
-2.902522577e-01 2.533254035e+00 8.617223533e-02 2.559129284e+01 4.015747778e+00
-4.043502333e-01 2.709069081e+00 1.239527242e-01 1.451652047e+01 5.179349720e+00
-1.456136641e+00 2.759853257e+00 7.294719494e-01 1.180319595e+01 3.963596801e+00
-3.795314553e-02 1.766843249e+00 6.132445714e-02 2.925256807e+00 5.961198716e+00
1.410406583e+00 1.319320130e+00 5.641281985e-01 3.667994398e+00 4.283060196e+00
3.839301972e-01 3.073828972e+00 3.507761261e-02 1.707902306e+01 5.939038855e+00
-2.804311953e-01 1.141087296e+00 4.524978649e-01 3.753970707e+01 4.123811925e+00
-1.083327481e+00 3.083715677e+00 4.650736873e-01 2.653741463e+01 6.200557074e+00
6.042809623e-01 2.051427780e+00 6.527899209e-01 3.290651822e+01 3.882122816e+00
2.422297757e-01 1.474830125e+00 1.622918313e-01 2.288047078e+01 6.009694218e+00
1.312961561e+00 2.759717171e+00 7.421059222e-03 3.730056971e+01 5.765752273e+00
-5.157364740e-01 2.093509860e+00 4.962394921e-01 2.880280888e+01 4.092388341e+00
-2.771792326e-01 2.749900606e+00 2.329445296e-01 2.788550995e+01 4.198289676e+00
-1.021325289e+00 1.700739380e+00 6.702677022e-02 2.478836927e+01 5.309388075e+00
2.014123091e-01 2.639273184e+00 2.035629659e-01 2.965195403e+01 4.580350589e+00
1.564577050e+00 1.910427180e+00 5.724711000e-01 2.529928134e+01 4.890463971e+00
-9.389973113e-01 3.080133866e+00 1.916196141e-01 6.608677535e+00 3.906232382e+00
-1.149829969e+00 2.225252321e+00 2.366013499e-01 1.817387083e+01 4.895623780e+00
-1.128834053e+00 2.473093511e+00 6.426869967e-01 3.041846477e+01 5.057189194e+00
-5.475619123e-01 2.867783080e+00 5.537379724e-01 2.303106178e+01 3.329374716e+00
1.277013032e+00 1.565025944e+00 2.063888225e-01 1.579276756e+01 3.314475311e+00
-5.306511653e-01 2.288036074e+00 4.763481478e-01 3.107656635e+01 4.822194311e+00
-1.267666150e-01 1.054295045e+00 1.449148656e-01 2.321899657e+01 3.465956082e+00
1.395801356e+00 2.214766347e+00 3.255580342e-01 2.820160450e+01 4.919159630e+00
-3.715301503e-01 1.957425450e+00 1.518390931e-01 3.792695357e+01 6.118848427e+00
-2.474224349e-01 2.325953716e+00 5.230624285e-01 2.122267864e+01 4.656974711e+00
1.397402623e+00 2.511112837e+00 8.602262283e-02 1.780206764e+01 3.292685753e+00
-6.922968352e-01 3.020595676e+00 6.347993248e-01 2.981230886e+01 4.366405203e+00
-9.793682978e-01 2.167019951e+00 8.844125171e-02 8.545611302e+00 3.506963352e+00
7.183483166e-01 2.465525718e+00 5.633078395e-01 1.750813341e+01 4.901630363e+00
-2.731352313e-01 9.446238677e-01 2.033845891e-01 4.411904764e+00 5.544479289e+00
2.457642256e-01 1.969996865e+00 6.322251233e-01 1.442276471e+01 6.057714801e+00
1.438439420e+00 1.790036853e+00 7.051802937e-01 2.562740106e+01 5.420962007e+00
8.190268062e-01 2.174071821e+00 3.874664850e-02 1.948950669e+01 4.736801994e+00
-1.428900454e-01 1.776157809e+00 7.955866684e-01 1.428068927e+00 6.070163616e+00
-1.123025257e+00 1.774697251e+00 1.648571818e-01 3.457785367e+01 3.655613235e+00
1.081798748e+00 1.540878152e+00 7.320720853e-01 1.599609960e+01 4.663526930e+00
2.914677995e-01 9.425297985e-01 2.282854392e-01 1.305978319e+00 3.537358428e+00
-1.297513888e+00 1.306345834e+00 5.098003622e-01 1.282817130e+01 3.377261175e+00
1.474174324e+00 2.736638151e+00 6.821106501e-01 4.138460646e+00 6.130042368e+00
-3.541676992e-01 2.573905750e+00 2.475176995e-03 1.317377256e+01 3.498419894e+00
-1.457730877e+00 2.640936329e+00 3.189368199e-01 2.675194474e+01 5.670756791e+00
1.396033806e+00 2.575387283e+00 3.906410859e-01 3.237116715e+01 3.474818514e+00
3.571831879e-01 1.917180001e+00 1.668697924e-01 1.920613918e+01 3.625210743e+00
-1.437919961e-01 1.650865054e+00 9.885060038e-02 2.171548199e+01 4.685177112e+00
-1.316222601e-01 2.639222825e+00 2.922443481e-01 2.639728496e+01 4.778675792e+00
1.425922676e+00 2.549129908e+00 4.756216864e-01 1.529606155e+01 3.384335597e+00
-6.276668751e-01 1.243641342e+00 1.089130532e-01 2.261056766e+00 5.648226313e+00
-4.523810116e-01 1.065770702e+00 5.842846115e-01 1.274849906e+01 4.212714798e+00
-1.096141701e+00 3.070004838e+00 4.200913132e-03 1.306368536e+01 5.190794343e+00
-8.364098163e-01 2.103926531e+00 2.460706635e-01 4.463626809e+00 6.042116406e+00
-1.423868284e+00 2.018586754e+00 7.540804612e-01 1.788338097e+01 4.812822528e+00
-4.756202562e-01 1.882794029e+00 7.709063089e-01 2.289770537e+01 5.740064401e+00
8.970381386e-01 1.402296385e+00 7.825819253e-01 3.141284878e+01 5.881057257e+00
-1.168068322e-01 2.165402797e+00 2.316664992e-01 1.560962203e+00 4.454287634e+00
2.186617519e-02 3.132777222e+00 4.805779860e-01 1.937283025e+01 3.933247761e+00
5.366498074e-01 2.548088237e+00 6.282557681e-01 2.618056251e+01 4.876624355e+00
-1.780392436e-01 2.000465569e+00 5.623581943e-01 8.796527281e+00 5.381434345e+00
-9.316966293e-01 1.670699372e+00 8.082646009e-02 3.503227785e+01 6.121602605e+00
1.227378650e+00 1.575106663e+00 3.321801287e-01 6.773696256e+00 3.442493946e+00
4.265349762e-01 1.872025116e+00 1.378189301e-01 6.885435551e+00 3.339453444e+00
